4918573
2893625
4811957
4467392
1536593
4779849
3994980
5002224
685055
1438159
315822
1745584
543407
2353588
3853581
2258736
99353
4174394
2176738
5302229
5071249
5084748
786685
2714492
844290
4865794
2260502
4902318
344379
4611525
746989
4077802
4969589
4561693
1950595
218886
3192948
2462011
1645238
781269
773854
3695853
4023020
1231591
5604041
725574
1982655
1129137
1525236
3333174
2514762
1115213
5756444
5633787
3550696
3624097
4822427
1411746
545773
4374918
1782615
390128
2826560
2330930
1877536
4371169
1409037
5397047
5403688
1545309
688095
1615893
839
2305253
348852
4305919
1756540
3426472
2775290
1167898
5979419
4801933
3718507
4305231
960972
376135
5168808
239300
692203
1363982
919541
3061298
2141525
2207204
5280172
780463
5745295
3543167
3340892
613947
3799840
4574717
4533861
3973809
3330139
4003498
3813565
4258414
1819551
5589549
1853102
2112015
4520607
5428941
5036304
1091529
404803
4226254
4844158
5180455
4730638
1316767
2233094
3418372
3940058
2480199
488744
4488843
2095006
1410761
4823499
910345
3865690
3782867
2492014
702807
2436963
4980079
3997496
4383620
1322764
4307986
3697454
2851104
5912783
3365798
3529422
5053100
2817923
5452041
2062924
1578615
2061019
5678287
4461803
5173964
3126527
242954
4280185
3951596
5665797
798253
1199787
1361920
2970835
3988096
4362577
5318267
1568659
5020432
1504655
504670
3733308
5306923
2548871
3628449
5607340
4230964
2937343
416643
4947773
1860910
55905
1328628
811288
3216916
2917207
3782478
1358423
4874387
5092846
2821040
3999372
849364
4083492
939039
3316220
5687947
4120455
4421857
333263
5957182
5732622
4952878
4986745
5944442
4798514
3023982
1774484
5327329
4361060
466190
341252
1512006
4247261
4870875
4761617
1499345
1355610
266558
2909664
5889210
3340635
3210259
3390520
498140
3575451
280480
5569627
2594818
5698195
1269494
5558311
3043024
3108826
3579897
5773388
3108768
211822
4406115
5440783
5139516
1990500
3801940
5464014
1375469
2606969
1471783
3806260
3179551
2419178
1838864
2071963
4960920
3658469
3435361
4895406
669869
128657
905764
2597736
3639531
5890385
3065284
5189589
668236
1810945
1756325
3280949
772818
118471
5322201
1461841
755614
5412243
182802
218101
3072111
5312546
3641787
5349162
4604997
2621151
2512076
5304117
233402
5211778
4786375
3133377
5926856
4991370
316230
2046772
1942342
4911022
1825990
4983765
2376701
2666856
5150916
1501104
2003085
4472756
5210555
4533610
2937780
3058381
5157634
3062594
2674408
3614469
113803
1958886
5918559
386845
1680699
4088895
1733406
662968
5671664
4737614
421918
4964544
2843258
5208470
2553122
1685809
1301892
2735668
4828470
5272638
1081871
566415
142960
1553062
603526
5207435
3109121
2126994
3126431
4093960
3814294
3596873
2067896
143931
4131983
1172119
4315353
4554274
1116672
4626906
4328456
5813579
3679886
2432638
1107117
5135017
4415563
1819916
4858988
457988
4172350
2861576
3218385
5407462
4926700
4687971
4891097
5997326
2639122
980252
4413909
3037411
3937059
2235555
5277789
1264084
683907
1452659
578684
5634870
5191013
4804508
2203752
2042577
5135611
3727300
4382040
307719
2861558
4093337
2038030
4196272
706339
4935178
4939753
350987
2116935
4085186
2224156
5067391
1079465
1479849
760084
1375221
2954376
4077164
519825
1360441
3343264
1942199
456198
1079950
72608
93768
72833
1091372
1091939
1108719
1613320
1417118
2441236
5763398
3148997
2364068
2957465
2917848
4888127
5508871
5988753
3777023
5206961
3829330
5064847
2160154
1932470
3638450
4498971
2578794
4989204
1689145
5840744
4907588
384137
891163
383215
3959600
5126583
4500385
1528365
1152580
2040070
1045688
5550190
3303937
3720883
167825
409803
1578352
5821667
2489767
2206547
4489204
1593815
500051
781215
3192649
849055
2488776
517280
5479051
4938389
2027711
5856087
104457
2466879
2632937
358888
2892150
5975172
619379
3518217
3952849
1418318
4353726
4805612
4626960
3777487
2029015
2118396
383069
1599546
1976629
4477335
1784374
152024
4048
4196877
944441
4515788
377090
3052898
1121098
3690803
4419293
538626
5183908
4026942
4634081
2400440
1439177
3909875
5416703
3066721
3129910
3256459
1386878
3816708
4237550
5518925
108676
4383930
5019043
1615668
3081146
5957386
3621362
768776
515740
3768225
1858346
1826956
4070284
4129678
5619451
3669588
4069891
2196864
4303920
5764215
3627306
3576314
148846
23734
3586979
1376403
4886574
4802338
4750429
3719498
4375809
405393
4598371
308515
4959803
2976597
4186938
845889
1976938
4467787
2382695
4980529
5926944
799133
1817314
2156956
5204758
974092
488668
589665
330360
2058021
5335151
431258
2086804
4256304
2919674
624459
641970
5599576
1169155
5469517
4209848
2279801
3316988
2389231
1278711
2172427
5319936
5227206
600325
1384726
3872644
3090664
4302695
4146449
5296198
5940416
3990940
4025370
4424899
3049378
476338
1047599
2954107
3722767
5208278
131626
5216750
4116607
5854963
3399944
1864925
4101919
798217
5308850
5261981
4059401
5465139
5877763
3807002
5598802
1274503
2435987
1616358
367910
609928
3414084
2422727
182450
480928
27665
2106618
4886403
3913247
56114
2451252
5303529
5784341
3328594
5809144
2764787
4383420
4396031
3876253
5225696
3895924
3199357
731556
1151752
3282347
710122
5447178
4553194
211558
3313956
1725191
4042634
1873590
5868828
4390754
4732721
4781960
1511765
1218191
757475
4292348
4443819
3583983
2221633
5737340
4937645
5764031
5424819
4375086
193889
1911715
5780082
437216
474884
5690586
2330318
5242950
4133424
5942361
664729
3782516
953789
600750
1303755
3758530
812531
3693690
901514
3226189
2750130
727516
4984562
527931
355252
696020
4879002
5113227
3229222
5782709
3034994
5184220
1126554
1265010
494455
1173887
3864093
577904
2876792
709852
5449349
2525538
3658746
4331137
5326225
507903
3323303
270902
693988
4003402
68898
2183410
374829
5387328
4826066
4506400
5535357
4508460
5883154
2799989
1018759
655381
1652072
1183055
877305
548670
5559455
5991819
3716945
2766360
3297012
2047195
5798788
5869568
1236205
2154330
1306189
5843954
1028804
4330461
2553835
3303383
4572545
4741178
426311
2491805
770997
2309563
4341570
1941329
2792423
2946256
1858514
5471387
1835519
3469251
2896397
307251
5391947
5901090
1474800
2194238
4907699
5253698
2738242
981426
2539355
3453871
488748
3564573
2978757
5981385
1765733
1058426
4503926
2821034
1339540
4671356
1879997
574945
5447261
5672111
210444
931939
5378138
1020174
4018368
4296829
3557404
1934976
931972
5474150
3835343
3783257
3541434
2236619
5572970
2457976
1158049
5540264
4598755
5021447
3348902
5469162
1487109
4731277
17085
740529
2045927
5688404
4592637
1531231
2379347
2154951
3105937
3272950
2661998
2914397
2300
2463964
4971952
3663643
192299
5706452
5476517
1628162
1001268
1398333
221368
5673798
5974910
2874034
1187410
4695075
2493629
5066973
3440759
638040
5382202
1405045
2129041
1205165
4040825
1368352
1529785
1397543
5512844
1481063
5116843
1746434
3126235
4220959
255458
4203288
5440596
5450317
3166998
4071599
4055619
3198326
3297800
3406243
4878452
5106525
5311807
1650376
2558842
546322
1679850
1999896
4933653
1137594
4326285
2679759
695584
2674947
3849876
1798952
2641828
3726802
962751
4327237
4605027
682118
2960621
2611194
1354099
5696968
5072893
1660409
5922842
4432269
3838839
3427003
5058493
428962
5891564
769799
4972433
3798742
1863564
5010484
1258989
5351694
4973711
5708489
2310284
5596301
2945531
3691749
2077605
579838
4591037
5389678
1796509
1187820
4370213
4407098
3894752
4738418
3318847
637436
3942008
2472338
2468671
1905687
180583
2776535
5125912
5459689
1848531
4786164
4416919
3215166
5108530
4390409
4607670
2077748
5786367
2812732
3512157
3077046
3073882
4791139
3071017
3687825
3750749
5262307
4801339
5668545
2280905
2651588
1681488
2114761
3728281
1980620
5422637
5210037
233074
4974573
3569686
5215817
4890735
2654637
5651956
750095
3963265
4540705
4633763
1127476
675499
5910947
2200485
4143814
3724455
1431542
609285
5087967
182612
2243882
131169
1229063
1819551
2849538
4867109
2442335
3478448
3306613
2226671
4046698
3964102
5010103
3160433
581851
2701668
2507661
1422905
4300399
4868973
792933
567719
1811735
2952554
4314515
5337113
4558109
2223298
2440113
5366240
33707
3541288
862840
2649431
3093307
5150156
5887003
2837921
3716705
711273
3086365
3202426
3245226
5810249
2464967
4447613
5558700
1744955
4365560
2422027
411263
1183481
699493
694357
2224741
3660796
2025460
4904014
2115204
513465
3722539
2881114
5565499
1678614
1536330
3199325
796887
4501925
412559
4914266
1446414
1532086
1056970
1772984
2823687
542704
1068400
3063952
5428505
450955
4908244
264772
455557
4769651
3725987
2426896
4845652
2207484
5089604
5232106
305512
5671125
5058458
1864844
5582239
1656395
5820771
479557
4192607
1344096
5661970
5991176
2441065
1362643
1187760
4058177
886563
1584151
5927942
2345783
2148616
482556
4134818
2982248
1737792
1339299
2999285
5719149
2335948
5375514
4239395
3750085
2856881
5580598
3489772
2566855
1835140
807901
4746979
3592863
3540413
2980107
5299244
204108
5405402
1195709
4901704
3677998
4398615
2876639
2832812
4217356
5408017
546081
2002986
2825134
823198
5098006
61753
1991185
2109245
583752
3411045
2111363
5355017
538418
2089156
306803
3435088
3462081
5617964
1506588
3059273
401160
4771963
2448571
5468624
800798
4555026
164760
1135578
971607
3723692
4038745
5649634
79156
903289
369224
3631921
5882246
811013
1614371
1648499
1281542
2125757
2461452
4148936
873935
5295601
357056
2549988
1997668
2432125
2147424
5512308
667369
4904851
5828029
3235960
5033901
5672580
3197107
1995880
1920724
4147128
3563199
5782183
339527
1292044
154636
460516
3452421
5108116
2425541
4831644
1620973
5387125
1347758
3721045
2731927
264503
2607616
2861593
5974366
1120381
4293380
3340606
5628905
3204432
17503
3695202
4126811
408700
4927360
4491449
2520882
4741334
5755753
3455780
4620858
2141155
1995169
1401887
3421454
3138419
5856834
1490809
3906532
5979559
1789512
2741101
3374583
5089791
633083
3309880
3495127
4775742
1504806
3489638
662036
5790999
2462628
5668312
5545258
72415
4545955
3487390
308903
3925904
3749070
5433229
3692909
4968914
3657448
5928431
1044689
889348
898401
1181347
5834409
2986852
5477799
2081451
5857341
2480571
479968
4048556
1290384
1067433
4159070
5920167
2121176
913282
4728015
1895264
4746992
3868138
2443797
1575954
5478152
5408275
2371841
5560178
5716399
4608509
1948184
5989312
455465
650006
5925161
164264
1288670
4234158
2586465
2938083
2271806
3663381
5231597
375142
3048215
743077
5148822
209512
436998
842284
4162255
1445260
780057
2853342
5552547
3703230
4609970
3817549
1474893
627128
4016323
1625527
5339552
1687385
1251589
3712379
2940414
1504799
208106
3695001
4192809
2979450
560141
3509746
2280402
5095860
2225761
3112338
3811282
2146738
3468547
5665184
3578785
2506155
609947
1156033
3325963
2572371
604615
3790991
347399
4453269
5750658
3273996
3427200
2930421
5883953
2035458
2659422
2939759
2414492
4006996
2198475
2530361
4519158
561487
5630628
5150009
3460425
485479
3417342
2048362
2622719
5774733
4145212
1693994
263771
3647794
4811195
2040724
5009078
1224875
1295517
4250095
3517295
2744273
1994520
5988459
5106020
1868814
3046047
3927198
1700788
5995558
2991913
5111438
2323475
2163211
4367772
673223
5439874
4115553
3384727
1218865
5331389
23389
5165621
4765967
1775498
1795315
2114756
5274241
2392761
2625134
748297
1528384
1101413
4558993
5538922
5583932
2952081
5064348
5631170
656392
228127
1098477
2453517
2447619
5412860
5672764
1394503
5196386
5707856
4106694
1364554
749404
2207399
3357225
5093655
240415
1652860
2777190
1510203
1483959
4546070
1643150
3147956
4970238
5199098
3939400
4353668
4657434
3275545
3474777
3907329
5404951
5951125
4798255
2984112
551590
4858756
3634129
1974325
3671872
2483475
2748071
3259632
4786545
946942
4479205
2618182
327310
1831113
4981496
3740669
4461912
5485054
3555622
5118475
4480131
138494
3104790
1716640
2202735
1719792
895042
4626244
331305
2565184
815171
362687
3239022
1350660
2480373
3009481
1781488
3132680
178283
240296
3901634
3030613
1962660
2162010
3121663
1974068
2721038
2261745
969846
4055820
5387955
4814657
4173025
3269311
535883
5187114
2632778
684706
5401522
4576515
325784
5776847
2699390
414986
290167
1063706
5671875
1692609
1621267
2891792
5133950
4930193
248928
3419141
3183659
27249
2136030
1614509
1202714
1796122
5383378
4115647
2007371
1815777
252092
2875021
4072706
912928
4326018
3596574
2525319
4630071
2653245
732909
4307908
5570511
3583104
470044
5281888
4233452
5645808
734923
1355471
4709940
5167103
4737259
2349597
1823203
4903712
4626642
5082485
4606026
387675
1211315
4653870
3083898
5609447
5146659
1463089
2331830
2002389
1560437
453946
5471068
495168
4708723
408553
2187926
3941457
5376436
2683182
5644266
3992332
341402
3052180
5752324
2657311
4913857
4359271
2259226
4501330
1873508
4472860
1161639
3727166
2406195
2123885
2009434
5046421
4799518
1655568
637861
3664758
554627
3223652
4827417
1999446
3384813
968332
2030319
2691638
4872744
1845107
4423657
538805
3701474
1659370
980987
4858342
383712
1296611
700196
1832282
1415664
1978463
553721
276557
286993
2636023
2787061
653408
3099747
1399895
4070019
4614785
3601980
1617337
3988298
4694046
1666993
4932725
24506
3000579
2578244
3807610
2868579
2556309
4255512
244927
947783
4679014
4578681
1539981
4980713
5789960
4908986
1228926
1217463
4350873
4092848
5710536
363734
5856500
4355509
1550008
1725520
578349
5184915
3486956
4351392
375124
1027522
486233
2078516
5183426
2996724
3614685
1793283
4972169
830085
4032586
1341996
798273
3855223
1130473
4208307
5430454
2217731
1040342
3301376
1983805
1745527
5457718
1446666
113935
1697359
5907970
5061327
3277407
4861323
1336955
5805708
4416144
803588
4654085
3260478
1405260
2996248
2451460
5745940
3558661
442899
4509671
4828793
1164750
5410576
840161
5594537
5334353
3835477
4533625
853683
3895182
1338618
1378674
2582747
1340145
4754887
2274178
2979279
1528643
1268858
3931861
3211253
5009552
715694
194475
878645
3554405
1075184
5861572
420335
1654356
3881816
3484397
554288
4005020
3546680
4617856
202147
3995466
3127622
2632833
4068207
4408631
3567666
1348677
3847129
4570422
2844133
3730152
2620880
4730776
2432830
719429
5228488
4554416
2348979
2840720
519664
4350909
3486238
3707867
2528313
2915411
2462784
2177492
1893757
3893716
2923996
3582363
3706960
2038121
2334668
1152177
5141348
2033025
1795506
4712801
5907829
4146941
585075
4906975
953681
3089753
3578152
4159930
794404
3855704
2542756
639135
3428575
1378729
5627708
2832601
320060
5048526
2659382
2066844
5905356
4828724
5625528
754493
3011897
3439659
4133468
482261
3048415
5635682
3616989
2502712
3335948
1153990
3166364
550063
1141856
2427268
1840558
1457079
100455
1798960
479385
4767718
4222399
3838752
4190909
84440
5699378
1636147
530132
4335162
450653
1276131
5977397
1521486
1419512
4761796
649253
1832402
1778146
885566
3431133
4207290
153505
600203
1843641
1252533
2776939
2162614
560755
2804037
562983
768971
566427
4233671
4213128
353873
549191
1135331
2808263
3208237
3266
5884703
3301450
5018491
1652666
3202864
49578
3087268
2878916
4103880
4911469
975101
3049809
5268013
4476618
1637167
2390694
5584170
4164382
2568355
502752
235357
5754070
1761508
716142
5529442
4845171
5581660
628998
5521807
1404864
4970619
4365784
2873229
1024066
3881947
5255182
3438968
824220
3470756
206606
3016400
1738779
2621574
3228636
3607682
1320334
3436467
5637858
3478590
72236
5331246
308560
5698570
2954543
2212790
539810
108312
1014749
3736826
5979225
4152277
1688939
4437279
2136009
4057677
4027739
1022291
5121185
3132401
2712926
5556157
419348
5117906
128585
362168
841022
1809728
4373410
4839447
3186082
1679202
5388351
2379041
3655911
1532640
1761106
3340751
246607
1878573
2033799
2536021
4857910
50796
5098686
1999969
5854602
545065
2041283
1708631
3442593
2598679
1291068
5748742
4785233
5430291
181477
5898227
2770578
3400993
3236389
94828
5787328
1567157
1265998
3736528
3654049
3766565
3818271
4768732
211732
2407784
4489227
868980
407237
387508
4720286
1085174
1831689
1272609
3454705
5222620
4219171
5885775
5802263
5908105
5140660
1427335
1570042
2639607
5583142
2913161
1635633
319349
2529560
2118609
3135011
2484572
1005181
3454971
4959599
503973
4423574
1189859
2827985
664676
4007829
3708477
4764523
1791348
2762100
4443892
321031
1319313
3647647
1615447
5922269
639194
853439
5993329
5538358
4636352
3225057
1008850
3204217
1064091
4243592
568624
3462385
1098868
3959691
4694307
5998587
3463899
3980707
4214059
1787229
963260
685326
5387164
1776974
1276817
3894511
5043930
5487836
1641064
5329824
5502402
5391373
4052896
3792496
2124288
2109654
1430285
3119195
511946
3694952
3417810
4959964
5367569
4277766
5116077
5215158
2011822
731646
419129
5073316
2857295
2996385
797926
3237444
3718718
659499
5733949
5447347
4153717
2431101
3885246
1093646
3996428
2887466
1510246
5783626
5953536
5427865
201799
1879464
3775770
2830727
3209026
3661971
3286733
5416554
407248
2575730
5645057
2325433
800696
5515264
3069963
2192585
499267
4887809
5376609
3687184
553222
3730297
817528
5381895
3044197
5970849
4729432
1400209
4403399
4630842
402380
3375084
170462
5442928
1276561
2491809
4424779
5213862
2120462
4317692
3330949
1769452
4449683
4828564
2709519
5479460
3762886
2306455
1140436
143997
3427037
4672304
1877715
732984
3735474
4384463
3239824
4351753
337106
3804755
5767431
5648032
428976
5665806
2696310
1795596
5520185
2006161
3574711
952744
1582346
433977
1718472
1652392
1666735
5398421
2044945
221473
2417111
2623885
5319311
3383053
1670849
5398809
535606
3806943
4811832
2338175
2619706
14256
5349352
4404889
4561124
3201355
4032179
5910164
5067529
4677152
267339
1175896
1484993
3849572
1927753
593964
940532
3354398
2802313
5105793
1995609
5000729
615611
3958337
1441485
466371
4415259
217014
4922528
5018444
2897412
5460556
710913
1203281
4933646
836366
757770
311699
1565527
2281867
1903487
3628064
1218432
1533539
1288818
1486490
2105652
4059826
5946543
4221446
5115042
1298178
5740851
2648861
2648529
2275085
1295613
5199068
3651939
5805172
3048866
619252
778975
730685
2952594
1307276
5750874
1149691
2868096
5316959
3741863
5917848
2397257
5008337
4872882
5184534
3529249
3174734
132437
2638057
35209
4296050
2833026
1886179
992975
873868
2634756
3675472
5451896
3690677
3842955
979072
3043190
1872083
5178086
4066103
3664388
3569184
2270403
1813473
5022857
5261953
2921188
490624
2018114
1291051
3410066
4666485
2116031
1524774
4217073
2295471
5323198
2911769
5272605
444667
4124028
1870096
2882529
3291300
3517549
1908640
4320075
5455504
3729513
1977305
3039488
5626505
5647028
2988268
263536
1885929
835091
3459831
2744988
3056279
3660950
3464947
3353862
4253253
896158
2654488
4993805
5574849
4913516
3435137
1890587
657364
1046693
4360132
3222301
3345585
4888112
5751824
5410059
55633
2072041
3302483
62325
358564
1860835
5914835
5501844
1377198
5898225
1935599
5973503
4289244
692906
486844
1618754
874191
3614363
279672
5333826
1759593
1572381
4625156
4021826
1735916
1805663
150957
3938213
3424103
5706619
4939934
2336846
5855696
1137763
1284221
4881434
899027
1883028
4891678
5386504
5457996
577365
4752977
3994621
5186114
1999413
3493376
3039020
413108
233818
3289516
5401390
1402253
2509468
5576831
4696244
5418840
4979012
5560539
1728539
458164
3844818
2070291
5099510
5133531
1495422
4034172
3471084
815150
5029965
4062020
3554118
342683
3031254
2172144
3362795
4274823
5691771
5860786
5801427
5696124
207611
1103474
4958154
2144936
891532
1511023
5049173
5424455
918064
2539360
3365152
5115665
5410307
860486
1799495
755830
3881999
944153
5631930
3029704
2349369
2213941
3418351
4111145
5569714
628056
4785982
5141264
326737
5917632
707956
1685248
213048
4305233
5412006
1230584
3732685
5993668
3473423
17629
392322
822947
3865229
1078546
3173805
5493295
3752484
4539996
181040
5609174
3045272
3604663
2875837
2772852
4254553
2408567
379568
1118124
226250
5078938
1139181
2762790
353389
834514
5679147
1454144
1466493
424406
1913006
1532299
2429938
3541134
1624132
4046990
5631709
3631102
4561562
1584025
885359
2708856
4351013
567974
204247
4234073
4349314
1239099
1623469
1536413
610429
5249637
3588002
790799
513319
4192828
115170
1900946
4860497
498582
4150421
2344648
2602260
1582240
1006122
1284671
2810516
4045565
1839638
446794
923110
888825
5078947
1729470
2616119
934368
5179610
2861685
3825867
714165
3996586
5924918
4072415
4833929
1032049
4534817
5207673
447092
3126937
181128
5895578
1656546
882833
1204262
867168
5559827
5762571
76582
4974430
241035
104582
4627260
4345745
3249832
5444840
4238080
5771600
5571049
3570288
2568961
504196
3232927
3562965
3302702
1586516
1770546
5134663
5832315
1450854
4195003
4194030
5606019
4050849
2975300
4672094
672896
2545989
1172453
5096859
4493007
3680484
5516125
4851302
754106
2198708
3984761
2059277
1512437
157043
180954
2678475
5744873
2527885
1774921
706948
1631068
4424413
4824133
4896071
4633436
5456897
2861746
1347933
1315455
2266938
3072384
1632398
431216
119729
3791865
3023324
4183824
1788909
5699321
468584
4497815
5886498
4540578
379106
3265528
1618072
2949608
2665226
2382179
5400121
4606462
4695625
3941566
2598037
5806775
812369
4224900
5755479
230025
1012081
5976366
4201009
2186374
257877
3759546
3879944
4646901
3425839
3611226
583396
484582
3085033
207562
3811684
3779654
4596928
898091
5766631
3541757
5851702
4475748
1149143
842142
5799386
3407070
1821458
3581637
4190263
3470596
3595982
4430226
59032
1299119
4029290
1700449
3560282
3457927
5449232
1068782
1867019
2185163
2289883
3419314
5383681
1304275
4537363
2218896
4436530
5152614
353158
2889686
3451691
4792933
676631
4253155
1656864
1503771
1246740
3194815
3278189
3689300
2258973
5731809
5770104
2672676
4947916
2927422
1255177
708820
5886255
2905505
3726555
2752439
5966470
5650543
2559461
3300030
1817850
5129324
1423951
186213
3075772
4728199
3968607
2289101
4890444
686770
4814818
3879005
3417642
5308184
5556251
3902470
1836890
401575
2178895
3244563
5974094
3633194
686363
636592
1826412
3927934
1180600
4724997
669837
2270157
87959
4711424
1405724
5831835
3909154
2231708
1514487
2300515
4808540
2732610
1801208
2373496
3335816
2670618
5105599
2788393
2675661
4391224
401839
5411509
16220
2323820
5767865
782298
571848
4409140
1128620
5436892
5975743
2685895
3386547
1495835
3460086
4517292
1293695
2491775
4568670
690379
2755733
3652008
356569
5444016
4342694
4734576
98287
1028581
3473918
3470192
3299948
2178853
3522947
792156
2273749
2356850
2267922
4651187
5098603
1260030
1729271
2107859
5414694
3865965
4863411
5481155
3605828
1625334
1052255
3971913
166187
2833293
383442
2142563
3224633
5227238
5903988
4273889
248549
2730669
4035464
2740923
4413494
5416776
982516
5335200
3727517
1465701
3565505
2616213
561934
1418581
903040
2295803
2717294
3891868
5140540
4836932
5441738
3412116
1303531
5258340
3058601
5290775
1093108
2411764
186975
120690
3276500
3122741
4429348
3636447
92392
4040536
3247749
1716391
3103855
543438
573740
4619508
2316435
3509093
1272236
4823595
968855
676783
551931
5084072
1065383
3373900
3477674
1711386
186307
5007539
2900658
4088629
1471279
3903991
4306871
3142453
2174487
4320886
4308279
3239570
4916743
4540661
2423285
1371653
2523875
64077
723190
414495
4131077
4159968
2067604
4411743
264604
1926864
3654397
1247311
940183
2484109
1863491
3816655
5455977
2019075
5012605
5223933
5281130
1051358
4143700
4432243
2673742
533979
2201202
2520755
73215
4874274
3589253
3324298
2996614
541035
4261992
1839346
3079749
2994370
1241023
636978
5101330
5446044
2725629
265415
5052138
2670540
1031123
5786186
3869007
5007525
861718
1989951
1815748
923404
4127100
4565561
1473740
3697197
2914231
3031742
2249602
2156385
3616128
504465
3898551
2175050
5710616
5908199
543637
686418
362577
2727750
5769767
3842877
3966738
1941748
184582
2932089
5079291
1700564
3094388
849403
2591896
2503769
4316922
4073530
1036359
3814453
2178433
5232778
5653436
2893061
2465334
1884878
5364253
3909591
1710218
5060077
3561800
1928206
3700954
1616168
5251480
5756774
5278971
4725021
4810696
4336028
4181712
2534400
3564402
2040236
814333
5721163
4923204
643971
3708324
2346510
4474006
3682177
4454120
5527335
4345862
2677268
1328135
1760541
1972654
3270487
5032606
5780261
3828395
2808021
5606190
5107413
3673320
569640
2423697
856295
4450719
1111940
955366
2575982
2681193
1918009
4213289
3224211
2278856
997684
547909
3038877
1285264
5472728
58201
2538851
4633463
4385094
451449
3151618
4500354
2368654
2594457
449861
1182897
824123
1354764
3658443
2834714
125627
4316927
4710625
282218
1314639
5273452
374649
3952649
506149
2605185
4041523
5787376
3828242
1369352
1290413
3345781
1191010
1388315
5715167
4117566
318076
3575808
1218280
315514
4094121
4104251
1409167
621108
5141658
4632280
5022714
5572517
2497449
3421847
1721349
362645
2022305
3429675
1621703
1417583
878116
5879546
5860305
3172908
5108887
4594610
1346231
3376436
3827478
2993793
3763045
2280511
4239164
4123512
3660386
4156244
3009672
481702
4184938
56631
624775
4035219
4126083
1419839
5513585
4811159
3066168
3539013
2270363
5399345
2681202
4570258
3054184
5687370
2528314
3868268
450814
1792758
1867533
3792755
4217837
4094691
3240240
674458
5860302
4327344
2227271
127681
4201239
3598369
2336243
933371
4256310
1319748
1375704
4884255
1464531
2350756
2952282
485596
2515280
5372123
5350855
1256836
1047560
3596564
150806
2635556
1949104
5687045
2192400
256891
4016050
5882224
3831137
1167475
1275623
4235530
1643748
5226753
1790085
5382407
213400
2574788
4460705
4514207
2107227
4257755
4801519
4454726
2275098
2596308
5367521
5992578
734560
1779147
5676
5033584
3651141
3329530
2904029
3705058
2757725
1121160
2395128
3011142
5069264
5948601
4133823
5396748
2647116
1647461
4699843
1249733
3166872
5869010
4613390
3201799
4929860
3224484
4591182
944860
1467666
4303130
5037787
4248020
3118497
2205468
2975030
336025
3973776
2407556
4769454
3905320
852683
278004
264963
5952060
1877098
414833
3868681
1789431
2477079
978020
2709359
831357
4084542
3056734
3552559
2035565
4662136
4873097
3100041
5016037
5007595
5307219
3587632
3661371
4831517
5695616
702239
5246876
4762850
2073916
5935073
3882055
1472322
4971045
3612760
4383629
2539469
1156694
1569187
803101
1440882
5419870
5227013
1404145
4522855
2685777
3377334
1200768
3048477
4614833
2093944
4733817
2477937
4760092
5287712
4271485
437091
1929722
1573811
5384535
643656
5690681
3637842
4756861
1695790
4063006
5876210
992068
5421685
5264000
1863217
5459476
234959
4081928
3636971
590005
4765056
621501
2086290
1668265
3714648
5554921
3788895
4108244
4330275
1707583
4909838
2974437
1328995
2779668
2239855
1720446
3795219
5043948
4137488
4502929
5840177
4914635
3833118
1669810
1736327
3887152
138467
3442733
4870650
2808382
2929640
5165348
4089527
3770188
2748865
3856184
4334688
4348964
2105337
5808813
2879888
1934752
779789
1412419
1780019
3137459
5929194
5885125
747534
1499470
1301558
5723778
4346618
1623750
5426211
5764217
143609
4456547
4912338
841970
3024671
1425025
4038468
5073502
3833958
414427
74598
3691502
4842361
2032871
2716442
4201998
155320
3397766
4814524
5854575
1744464
1376604
1045704
1416494
5559853
1730769
3429756
5221620
1750394
4798254
5807659
581857
4276620
1347491
4859770
976595
2533514
4940702
1085085
2282881
3447879
145326
3874328
2081506
5249860
4011328
4892496
651703
1601235
4933446
1091845
2760646
5472788
1738617
1808387
1296162
2812495
4846655
1959753
2354955
2532642
4492452
3721792
1798635
2330993
5345082
5346325
5077898
1438362
820489
4638977
2051472
3726883
1078885
722291
3102340
937268
4741121
360790
518811
3030504
1563072
722341
2256994
954284
5085204
2431692
850294
1186909
5243995
352021
4792253
1662504
4308413
2543454
4669980
3822145
437226
3021412
4642375
1208952
2764251
4362639
2708127
1755407
1799306
4780517
30788
937966
5169934
4461837
166884
5381098
2260767
1698727
3208135
524589
5427688
2761814
384904
3218161
5093166
2594953
4173087
1238559
3419377
23574
3621336
2482529
1394843
4616264
978897
1327392
710947
3369263
353002
4586042
9416
1512199
2270544
4507786
1293918
1143300
1290756
2591387
5252511
4601975
2504063
2369610
3294124
5282635
383274
5238636
5190553
824605
591387
338122
4528529
3005954
4149372
4045473
1539773
5890952
3708833
4327079
5222418
4090753
4274857
2278328
4995827
1062331
2507753
276392
3773215
1465249
5413106
177106
987561
279829
4120862
4275390
969227
1048867
1576400
4967069
5055187
796478
4766713
3753425
3253939
215282
3843260
4685162
208245
5512343
3990237
5870614
1412391
2109741
3471261
5128246
5857146
4702982
2194876
2010518
5730329
3025246
936945
392006
5876065
1883966
56014
4359403
2484793
957794
4042516
3102028
4673602
1317394
1890091
789469
1277533
4028464
1520742
984776
737795
968327
5870840
5001267
2125306
5229182
5773466
975778
1008185
2148271
2721101
1612645
2636234
3845348
3306643
2019189
5419993
5064836
4827940
4886784
4416670
5647832
3004336
869970
4267789
2153319
1910047
5854072
4772330
2103377
2499096
5711338
5527436
3311874
431627
2049323
4131521
4878003
784787
1831225
5239454
4489610
1566967
291953
5563597
1975613
3004697
5693645
3277547
5607165
1582399
1669951
5372456
47429
5811403
1045453
3954490
2655553
3767172
4501192
3042786
2964762
1700503
5143412
2269432
5003020
758232
420890
2152656
3189590
2131673
1000968
2066322
4931923
2870814
743160
5737877
66051
2434212
5014984
4696654
2600600
3557690
1620624
5456266
5011066
4323644
5812827
517120
794813
391102
1208368
927381
2931742
2090313
3617084
3989477
3227699
3795653
526902
5471561
5727269
3919235
5052086
3057793
2678336
1917227
843751
2511988
4384549
1288265
5681704
1869809
2143388
3491914
2835902
1648334
1493433
691055
1131137
5729632
5188159
4682161
211889
503552
5496734
2522508
4158510
3790697
270929
4675031
271549
400511
3124985
337317
2409621
4007672
3082477
1797504
264554
5156025
3835946
3340027
3607208
693583
4867163
1894015
1868768
4476156
782415
5241933
25775
1777466
5026737
312685
4901987
4942961
4587911
4045336
5484866
5025152
5830481
1144733
192730
1343128
2496303
5474370
4295315
1259965
712545
3835621
775002
47727
503353
2124326
3635728
5346022
3109924
4420965
5883023
4233685
113134
4580314
3163271
1909461
4060288
2023015
1638903
60714
4873037
3659851
2237818
3457327
629027
4867052
3973284
5685757
1279303
3401222
4980989
634011
4162023
3928098
3442773
3693014
2065693
1982637
5207120
318271
4314549
267404
737137
1191080
4367170
3515187
5312001
2299234
1151869
2155669
4351326
2826703
2554815
4161372
1098773
3463413
5288119
2151734
2646285
5197316
1442837
3544502
5582784
4616813
933111
1563554
2684313
4570388
2358126
2644995
5538597
3155312
753115
4255219
3326810
5791165
3846502
1393541
1674232
5261660
2062862
5807971
1590178
3537122
5838137
794845
1872582
2499994
10059
4373364
4900391
5056235
2181780
5569400
1064722
3289280
1605062
5748008
913630
3983591
4397783
5094037
5811648
3521076
4778555
924296
784290
5886683
2237020
646774
106330
4222713
5423732
4574330
2160364
1505560
3266848
4782284
2875367
3399471
198363
3469436
870052
4832219
5868570
2461574
4610954
3607374
3424986
4812543
2695574
5532867
436773
5216126
3177794
3180841
5602144
3718814
2528521
4308268
5703792
4783859
3419826
2263156
3066327
2841069
3913097
5807679
981971
208308
1012430
2453810
5714339
2163447
2690350
4274879
5162857
885793
1115033
1701284
4671695
2121939
979903
4788831
4617654
1733686
1748671
254860
974340
1909114
5802847
2000490
872697
298175
2283408
3120423
5054676
1843060
2425805
2027700
5749628
3615074
1281919
500846
2406927
1880631
1117127
1139771
5823581
4749858
1557569
5157808
333781
4376783
4897889
2950126
3668189
2561264
2547962
4755765
5396024
2658786
4978379
4298588
3188926
4028741
3838580
730534
1759766
4795711
1071483
5983791
4266811
3844577
5170596
3910394
1771636
3427489
4311543
3473180
2128588
2139441
224773
3708767
3751043
3956726
4932999
1036974
3680216
1870344
5223209
827700
4465216
5818801
1563092
5350964
3661996
3597788
3947071
2780159
898689
4757585
4323889
1830083
4535449
4970601
5828475
4724824
4096341
3193372
5766996
3036954
1609142
3946033
4894547
3304810
1957267
4579311
5787266
5951797
2625809
1612641
4713595
4248516
4765582
1433093
3543451
2525261
1769544
4934462
3768408
1618824
18321
2232886
4538731
152830
4635967
2492906
5625822
3553091
4224436
1232947
2114260
3660856
2610034
1298370
2790536
4625756
4112381
650922
4505300
5920753
1600252
2242173
4104802
736249
3943669
5187460
922964
40261
5881399
1621547
3098197
4292799
168584
4131051
3986378
4433976
2190825
3057948
4451933
1605188
2785431
3593111
4760463
1102188
2866175
867882
2091356
3528483
3328785
3529438
1319935
4135462
4334236
1346330
5720550
3528616
5526636
4012534
2513279
184367
2616814
861682
27389
2764285
3716695
1548925
2208454
5439731
4187326
2687797
1127936
368178
3889846
4959988
1807303
1263956
4763667
2871448
2541052
5118588
5363811
488940
2467545
2142927
5511870
3417420
4108935
1491148
2850254
1545430
799992
392131
4127028
5175980
5282012
1371988
1531927
3700600
324970
5580547
2479334
3832168
3251927
1551257
3204390
2368021
5003988
4539438
2920866
450658
1723680
1529269
2278977
760051
436689
3331092
3793077
3941072
5178572
496245
5551314
5570753
5603888
827545
5614567
2000671
4280253
3548659
2051760
4761221
1090828
4654492
3953998
345315
2299152
5984264
2469021
4004844
1904761
1987693
887719
1775045
5146969
20956
947785
2635241
4712934
210175
1532673
849963
1475687
3229117
1049857
2660357
467139
5154360
40134
281478
2409093
5590816
5722581
562338
5298477
1890405
2250564
5902354
5746016
5591181
2953338
1252023
3621843
867182
2714829
4812643
786088
5374818
946993
3162703
705105
1709496
3295666
1642072
1621395
5408230
5910645
4935153
4398642
4463211
5144813
4064247
644752
2506087
4705997
2084812
4152195
3173714
2839844
2522216
1848232
4793621
1410288
208370
1187379
18295
1385242
4990760
3361327
5282081
2289995
1657720
4205726
2248056
1510951
2233279
3241070
5120718
714478
2865029
5821436
253067
5663457
5951728
241750
2859075
3038414
3675829
4845029
1440723
264439
228244
3803617
3323868
1121844
4293993
840971
319803
5674608
3297419
4324244
3032140
2230470
1687610
3733662
2105170
1653112
5225038
5927042
1501345
1440535
2692116
3911933
647807
4127676
3875194
1848822
2445706
648656
124023
3154325
2257681
41993
4257895
2298128
2290445
1807093
5092530
1709815
4205919
1013917
4545167
5478015
5173434
4298598
3053201
5212461
693192
3252891
1812294
4969831
3490005
2154709
1202928
913319
1692123
5345223
3599818
3629506
3374186
1536508
1482084
5934942
4213302
2616911
2929122
4898711
901355
4361147
847794
3428850
3321313
1419102
294444
1303793
738302
2012170
4360048
1832698
5716127
1085277
3539987
5860980
4904723
4277816
1187335
2645609
2251165
5050819
5150392
2589949
2652564
1333127
3883644
5974758
5461508
749450
1422743
3352035
5334298
5222342
952254
2393659
1395030
3204381
3402957
3643858
181295
1556204
437942
652853
296356
747002
1658744
3696502
1887597
5457570
5254729
90205
5162220
365837
5538872
5732266
1403320
1082576
4735528
70488
4984025
4861892
3503626
3840778
417623
5937447
1122368
3308066
527002
1643827
3724546
1918680
4806335
643485
1689005
4760137
3293622
4145891
1172610
5571045
514610
2506338
4494174
289870
1064021
4531140
2804772
2672322
1687915
4883020
1708936
1956849
4482273
1273718
5725358
2893773
493077
1508236
2389332
355489
1314670
2667618
2038379
2264873
3545723
2053298
95707
1633188
5075713
2851136
2713354
1078188
2498011
5113925
864333
661200
950153
3297716
3739597
4569484
5095956
3554595
4390437
765170
2245859
371740
817773
4921890
4727241
5573613
5228022
4150430
4177073
5149091
5312102
5640686
663256
1048135
2734850
5258989
36927
5633170
2615455
5315833
5549887
5035235
1934260
4606982
2671754
5432215
425891
4006270
625491
1850699
59158
2713346
1145201
1188474
2508002
4309188
3416770
743071
266475
3346683
1466165
5405404
464688
5663814
3992488
3339202
2513643
4691710
3092138
2348697
74938
3178706
433722
5213564
4936781
3781090
2981601
3272338
5849910
5194061
5488944
2190691
1859746
1927595
1029353
4251482
5440520
4783969
2669618
499430
1158168
3157448
742892
2313619
1029898
1209414
3975393
4349722
5699871
1749653
5337156
4658454
2096847
2707239
954312
3964284
804258
2736938
4165971
568023
2088741
4052679
3385674
437790
2425907
2284350
4996581
4917923
1056830
5704846
3892987
4099043
5627530
1154568
3511733
2481972
2325266
3226031
2716423
2446975
3436045
4691904
1175589
4335395
2599024
5942599
2415116
2006027
5919448
4226499
3020946
1867327
1406225
1014235
4659788
3931131
5770844
4301987
4463771
2628489
542637
4775050
3622185
5943326
1132320
5680240
1436555
4700322
2991335
5956686
3395970
4085597
5794916
2424285
3525044
4216527
474039
3306806
4548038
5012926
5479343
3699757
1495139
4040439
4318485
1266970
1761560
1363581
5751777
5980109
1504044
1996327
3510656
5100233
56408
5530154
5063721
2044945
532840
201105
4952668
3428338
222168
4244234
5724761
1278559
1919660
3130914
844389
4089695
2802255
4627225
232753
4820884
3558304
2665390
5910550
2394703
298986
793849
4370961
5158679
2872743
3649675
3548503
3792243
4041900
4031139
3281960
2668976
517446
2633110
1599273
984686
4831619
3451631
1536044
3549857
1552306
5555736
2426638
4413036
2128294
5950635
3847235
3909512
5501651
541302
2763887
2170664
3010208
5459762
4781194
4725815
326369
725732
785116
272368
2062544
3909891
1134575
5783347
1952528
5046947
3666726
2085386
4394104
4226048
5910575
4275874
3103426
4028765
588365
4727846
935979
3438162
3101152
2874830
5793717
1286056
5486091
1207115
3469036
2054965
2693182
4548328
4701981
5511923
2481187
4195187
5615549
1924701
5703330
435227
1074200
2374573
3050243
5082377
5171879
451015
2368401
4255963
3094302
4418068
1821146
5641695
5773076
3024422
1155008
5041109
3892132
3265715
1065218
5332898
978556
1694097
104502
789587
1643079
3626247
3123401
1312540
928154
3232597
4007602
1114061
1309991
3971616
5766182
1764869
1111068
5328207
3887540
4574327
2070402
4836055
531558
4851283
3585087
3273966
2448262
229802
671146
2808055
909150
156131
3939652
2571744
2017692
4534941
2151973
666420
385160
2194377
5484908
5099949
3688054
1984093
3861060
5534321
3788848
3366244
286564
3052619
131529
5475087
292780
5146831
1515553
2715963
3543280
5657716
4946698
2474846
1092927
5227087
4429602
5665328
3164429
337692
5360717
3775125
1042097
5544220
5717369
4205925
1475499
3282903
4235630
4990142
191219
5412665
833909
410730
949778
2567344
226424
1153426
5144026
583202
5956370
3414546
2163772
3212096
3353654
4752814
4147435
5778759
1767705
3177651
1769465
3374354
1428951
3246082
1176514
2337823
4631344
2566267
5261312
2706980
2565788
2222952
3048008
1131344
5844663
5037151
4293424
753198
2907331
2896630
3291907
1144387
1044597
5381580
2593492
3255537
2485151
3754972
5878583
325481
435258
3800866
5357114
381711
3766988
4198277
4650122
3508357
4254820
4793966
3340819
1403919
796334
1757988
5013938
3484597
2593411
2294192
4864909
5046969
1890298
5854504
5966996
4314180
3000467
4867766
4789716
1445511
4192020
3343177
2328845
2228659
926324
871173
546411
3159722
2348328
3758617
1329128
416285
4494944
2094030
4641935
1010506
5551992
2951196
4864985
2433065
5297861
5331546
215447
5271356
5888054
383640
362424
4877280
3065155
3992369
342994
2596200
2084915
4156797
1339525
2148782
715119
5784106
3619726
1779130
3957874
1098894
4634267
793815
2485277
4934721
968277
5453496
4938300
175355
4917391
5726222
3766321
2025717
263260
5143329
4096041
2101303
505284
3397590
586263
387820
5689721
55892
2038130
1803878
2860704
784617
4103045
5319004
497870
4901090
5218426
707187
901521
566255
4115219
5199044
1336318
2864415
4381416
5061021
5324823
4489567
4215718
5780715
5916318
3387655
1931707
2000502
2781130
4066495
4193130
5242098
4270371
5779232
4175270
4311376
2805598
3977365
1000274
5983589
3823801
2130200
3190832
1455545
2276083
1552741
4019962
1229749
3151429
4078554
5801471
3366013
1497663
906844
1987743
140057
2692382
4485466
3272428
4285114
2078091
1731119
5139817
4423136
1799845
3275621
1861115
4335980
4069672
2499355
5041596
178102
2209302
5573303
3747566
5953028
5288707
859052
702460
91890
2635174
1868862
1151721
3326746
5022908
500852
2607423
2817867
4181293
217159
701109
643658
4910866
2003556
4073023
1527716
3938073
5916937
3137497
5090410
2432871
3608418
3757666
3822511
5793328
1348282
4214550
1557162
2467996
4129165
5068379
3621240
4025271
4726935
1367506
399232
1127810
699964
504657
153340
5914944
2957600
27004
5135520
3533146
2711994
5560476
3244860
2088795
63989
3590308
2041851
3934625
1868494
5867566
2275599
1072024
1219171
3380758
4455610
2014929
1500727
322901
1541349
5948474
663989
1111882
5576381
2385088
908550
4513843
3099073
2206859
3526466
372165
5675419
71144
5414454
1073157
1206740
4575993
5328486
5868197
4477111
1166675
2755354
1340904
5642053
388523
1785888
4835820
2088835
545603
4832346
2291015
3496529
422580
1481381
4378630
666072
3182756
2279652
96429
930874
5062652
135841
473218
1220706
4813908
5554320
1331918
2879594
903141
71386
5085328
4162531
1767553
5405911
4386688
1763752
4347692
4135246
5823842
1582910
4300938
1609352
3910208
3711021
2366602
2571882
1915608
4966940
4578796
365469
465416
3176317
2849889
1438149
1459154
3055558
4873440
3395220
23964
3848173
5900467
1704537
2169684
3842615
1093639
2082868
3692630
5191457
1593876
4594805
4496571
112492
4483874
1159507
358620
3326382
3882371
1797741
3492292
4857050
2057775
3600447
2979301
5652118
4084287
2673729
2662015
4443765
2760419
5207644
5252848
4348686
245784
3878067
172352
2146134
4071447
3819969
5445575
2752531
3679615
1378757
3799711
5146194
1850608
5674476
3864792
1060033
2336773
2100581
1484771
2793312
3146854
1996054
1741721
2334662
1083828
2947800
366868
4872163
4362815
4542017
802120
4683853
777237
4864903
4635557
1358029
5009021
3085122
289786
3414862
297687
4136529
658425
1502451
2250495
4366748
1713878
3133907
4106020
4436915
2626035
243212
5846809
220592
2738590
4134692
5245468
388571
4028955
2150680
5500173
4738942
2664946
4789011
904336
278257
2439126
1043506
5439262
2144542
2785030
1837529
3841361
2020309
2668930
3409860
426316
5547477
1498913
4515111
3410254
3918418
2356140
70020
5627848
4005315
2810912
3646952
253792
3085423
5481664
4312186
88031
992188
996583
1311423
3968679
2759408
783799
5450772
3250876
5142981
5365709
4143134
2444103
3719318
2389177
2679874
4511009
4355847
2822911
2079592
4055452
43805
4624869
5460954
4420433
1337690
5228627
2520193
5121432
1423514
4247083
3087947
5679439
5968349
2380736
2614802
4756007
1943354
1981384
1248554
4383004
4401061
1357149
236117
3690721
5818767
4297437
3775713
678162
5489663
5136209
2734415
448622
978828
1159760
231423
4331714
1318520
3259427
1114190
1763769
1722503
1668450
254080
2812622
2262261
3472022
712409
4153510
3779178
1970944
5517441
3580771
2241373
4240578
1112428
5672939
4734556
4611053
1175141
4767902
1215098
2665656
1411633
4094439
5691415
3589017
5884655
3799077
3839742
478415
4909457
868347
5152240
235141
4798094
3442359
4495404
401113
53122
787047
3489426
4630171
5395138
1625283
3206030
4685980
4486564
1785009
1350301
5803821
147180
3369491
3236202
1339520
5745200
3031899
1397438
1105273
401076
3485386
139397
2049610
4641006
1303106
1311429
5113175
562306
814623
1879630
3051830
572420
5842510
2047838
7031
1604963
2562936
4100819
2280583
4113686
2085125
143997
2750612
5931130
2315766
331896
5919487
1240631
4854939
2227584
5767123
112234
1824928
3588645
3908686
4109115
3982933
1264841
1306387
5922986
3873329
884315
3183255
958792
5138135
1953521
13073
1813572
3615368
1291247
2072905
3058382
5576804
2129623
216067
1551319
5757966
4263640
914578
2418196
464556
3833544
4642207
5476855
228043
2542728
5644005
1072765
373268
943181
5971102
4109568
272912
2020571
3054156
904614
4941832
5245691
3154425
5236069
4708176
5241451
4463372
5272259
4061517
3027264
4255361
5260187
1086573
3295963
4215201
469600
248619
5683273
4745650
2536209
1073488
4004278
2597118
3542715
4048675
1913344
3911884
1073074
5464187
4036279
1363200
222245
1957502
5390139
1934498
4316850
143975
3067274
152849
821981
1001573
4490496
1487301
951399
2178053
1389110
1866014
5446566
3372833
5474147
4138654
2535119
514360
4947712
1750258
782448
3809020
2247633
189127
3044230
1135724
5170845
3356677
2073343
5251095
4979397
5888675
1275310
1645654
1348121
3818134
2293410
3933265
4228990
632366
4276544
197412
5115995
1378946
5635082
3553904
1979009
2563369
1390567
4738941
796836
3761095
5415323
292555
3728796
1226821
927795
4852356
2583014
486795
3252076
756090
1216845
1716857
3920977
3063703
544547
2358114
4137794
193328
5462812
2654853
3797345
1336652
2936867
85863
3636966
2292345
5722959
4865037
3236099
4862599
2570973
4777552
623952
3614988
4904535
5532814
942561
4248407
4143441
1908778
1909869
1287443
5737186
4152022
5081832
3424565
842138
4894571
3690139
753565
4870916
2013939
5263844
3641906
3958645
4362238
3890324
5740318
4572463
3391113
4701417
151215
4239160
400169
5199901
4066674
841155
2852121
3586653
5476716
2659062
4935369
4430725
401791
1040310
1176322
3224007
1729919
5383589
1605485
422976
3694041
885306
704974
1521170
3188664
748720
3270912
5827154
2303308
5808696
5623044
3015133
2259194
1521765
5722748
1408946
4954412
3965679
1462378
821212
1635400
510038
5223482
4272584
2641103
1773314
148947
4145718
5994503
2930939
5544690
3943945
1627530
3556819
4716705
397542
3681469
4164258
763897
5851458
245601
3288405
3619791
5131860
3853525
1960478
5397221
1531385
4534919
4275996
713207
1449687
3237621
5937257
1461592
4921495
2947622
5556616
2451484
4288845
559758
1837957
1260689
3192764
3063135
2123414
91865
2071070
2519132
5152886
4528865
441176
1363990
1239784
732061
1899762
268264
5105653
5345359
4440238
4371175
5367530
3935416
2824944
830660
5878782
4467702
1081689
4142495
828664
2443514
4210358
5033643
852859
2937663
1027787
622622
3708403
5817111
3593319
801483
1804437
5912534
1736539
890775
1609362
1518656
2185534
5762627
4325457
4121675
5656128
2493176
5286531
622044
3399968
3316682
2811344
4235215
301793
4146440
4705084
1812614
351072
2832144
4569087
560601
3840334
1452248
4006597
922
3006382
248216
3762030
2172948
3644810
2681028
2317916
5596952
4732192
3460304
3253024
3853595
5609087
2356802
1965418
5174351
841496
733576
946045
4549126
1798327
5293745
282571
1122683
2920022
1998333
2028494
2180327
5533957
1067674
5861840
1471855
4679829
1092429
3165933
160516
1965498
2936059
4452755
3655308
2579589
2468097
3423236
5266556
4685221
4897445
1878335
1979957
5135392
5617527
5026315
5827066
5564360
1780702
362420
3053801
4651087
47805
1327442
92289
2634691
5573182
3576762
2317978
4231798
3625885
3794041
2049884
1736753
2122078
3543550
186458
980943
374363
4709937
996123
3803659
1922463
851291
235090
96331
5239543
5958704
3331167
3123512
3201884
870411
1015964
2164914
307466
890711
3662942
819507
2293213
2291497
3434486
3408819
1449272
1770458
4839504
854180
3411508
2357295
944583
5049282
3477365
3696817
1027314
4481420
3159462
2223138
4888247
1009111
3286382
5201426
1833316
4052010
4806050
934685
4788413
2614795
616398
2730995
3420943
67272
1584264
2482757
92755
816583
2229770
5122352
1540738
5729116
3779227
2798830
1656629
4299532
966461
1831166
1038378
4359048
3740294
274722
710007
804539
23853
3102714
4358074
2796164
2028370
4061361
1943672
5736377
3916702
5199582
3777988
4633518
3594867
3220509
5041513
600805
4663139
4346137
4722996
4378562
2875529
5549070
4936674
3891286
2919188
3454572
4312934
1498695
865950
4854481
5183509
641108
11299
5058961
959324
4030292
1983708
3747492
5453986
4209764
479504
3481316
102028
4290203
5100408
2352320
2715596
2912580
1889385
3639666
4765938
489734
4049582
4367739
4026488
5485207
980680
4697295
4294565
3934720
4304800
2566072
3827774
799856
5202582
672309
1111326
17969
5500232
3239332
5084791
2249466
3990235
5905832
3013482
1527211
2333136
1174209
5071122
2445671
5655885
1974850
1609538
2080628
5612670
5343984
977364
2896503
4028492
2811671
1071924
3777484
2371841
175649
2968367
5724456
2542447
4697786
4677681
5920168
5994292
5054103
416034
4820633
686401
4111394
4355926
562478
4181725
2963874
5074127
1979409
30919
486406
3846285
443698
1312964
231394
498227
4913422
217695
4881598
5636898
2882787
3560912
5717952
3816767
2874295
3915260
1872308
1265006
2118137
4250351
577977
2380502
3301323
4342156
2798076
2989051
2429149
4809502
5573130
5432399
4627168
4402639
4801091
613777
3044870
4897015
2425261
3390691
3400897
5391393
3754076
5918170
2510461
1528076
2632393
628502
5567784
1355956
4217166
5332962
4980039
3613586
2967651
392718
2293502
1816434
4073339
2823227
499835
5915210
5300866
1865883
235167
5322886
4320382
4110948
3257484
2673122
2426743
5847711
3198859
4469797
3011208
1855138
1900162
3869996
3805357
3891966
3249
4219932
2332388
308768
5057249
4595725
2240257
531082
2775139
2653749
818495
2333847
4153991
1619958
3330066
256168
1594273
4351484
3810429
1476884
2870249
5691320
2283970
1659535
3770200
1810217
4145242
3984242
2907883
2409527
3443049
3122685
4930026
5123558
1991388
1681357
2193823
3420602
1777422
3738829
4973082
3837418
4126895
4419969
1217650
2621750
3713494
4533513
2132854
63721
93195
2014200
4346676
4556193
4701228
3237124
816355
1866493
1670244
4149940
3375976
3483702
3936352
3481316
2561751
4431644
5802784
1729792
1986835
5463463
3737459
5384610
2185473
3627921
2796791
1379488
2968132
5909096
3990532
2619488
1843914
1745147
3910122
733075
2110664
3793731
3894300
5285927
759702
291406
80164
1984802
5742182
837875
1514393
842297
2592137
4244968
813818
4054340
2115245
1366549
4748066
3998858
5883534
416530
5583105
4415139
4578144
1244050
4338663
4721698
454195
3535176
3944904
4735241
4159176
5330704
845047
3686385
2996554
4999708
2630049
3555479
4486607
4859874
599552
4747461
1310635
1927174
4523792
955036
2801529
3622422
2214211
2079508
5067912
4874696
2156379
2207788
1205987
4308458
423588
2551508
5374469
3390286
5789268
3409512
265672
1567695
797616
5602851
5153841
4380403
1378128
2654303
3059690
4165736
5639831
3176737
4935501
2051849
1180322
3478772
852713
2864513
3963138
4629690
1077947
4200136
5099956
5190305
1546079
2489260
150431
1893263
1141874
828776
4711289
5304699
4903621
1389130
292657
3219940
4154791
2692264
5941148
2874887
4379049
5531639
2723720
4275780
1040018
420066
5717582
961650
4028161
3341501
5377823
4410096
3185226
1170281
772536
3737455
375671
5799946
1172356
5542752
2787343
1970776
1521725
2595684
5286228
3911514
221991
4208737
1490692
1492017
335919
2624901
537586
5560178
1525316
4180954
2995139
3945803
1170007
1143449
2891176
1040956
3180703
4108196
4959088
804206
5174111
1281296
3427689
3067932
5100642
5878191
2861777
1238541
3732724
5067742
4944532
501032
5701950
3367192
441681
529559
1558048
3582804
5583452
4124729
3587375
723363
5539757
3749824
3296027
1689494
568726
2502231
84000
2026516
3197171
2397046
182982
5454870
2432825
2266504
963905
682589
4229239
3975747
3085029
335542
4094571
4396650
5016547
323583
472104
2150694
5174578
1073693
5765683
800131
4663314
3320793
4224942
3637508
1656684
2585186
4043479
5699846
1796542
3129000
1963215
289103
9313
2227497
5159338
652409
5959030
3280444
4209584
1069177
4036429
1107177
433944
2866733
4284849
1093568
3259240
365305
1441451
1123139
3007818
3492334
1478537
3841766
553
4605478
3733563
1048651
1200286
732469
110590
2912038
3051887
3819901
4730841
2590509
5617535
135395
3064689
1296484
5117654
4672844
3724483
1609981
2553547
2637281
1560500
4061607
545382
938890
1156707
5579831
4103136
5871569
1812497
1219202
2604145
3725715
3049462
3615607
4323013
813124
3906245
2082894
5060442
5963679
233644
4399122
779274
784600
3882562
89930
230632
5841699
5974602
4976182
2522712
4105930
5011563
466775
3005424
4891056
5493154
2918017
905186
4570137
3861307
3268429
2688680
5320211
1352816
1638867
1027801
3321503
487604
295759
3638953
1061733
3041223
2582707
1130758
4899987
1053697
5424747
5305187
3932273
4942199
886752
4872666
1866470
4259861
4888565
4313863
4061027
1448385
482721
18831
3426433
2257197
5936864
5579766
5267262
2335284
5618143
1970888
4353412
2615761
1633087
3092370
3113226
3998234
2453095
4351115
5345091
5046256
3529106
4661592
598620
4529945
2604609
806668
318455
3082222
900000
620133
16069
3711047
1159516
1008969
5242553
3865099
3626161
5198274
433016
3144095
260194
2056428
3630644
1559839
4285597
2135147
3060311
4732654
2216330
2026394
1341767
5103518
642152
4761500
2611994
4054141
2240935
5358431
1073389
5586158
5535425
5140760
1852122
3465938
2265309
1453176
5828856
496017
5617942
3233976
4903182
1608226
2600645
800660
4535158
96540
4622829
4958671
5830198
2015987
653842
1999018
737816
5202677
3482052
4687383
4718872
2044240
5727928
3420264
1967023
2718409
3958364
3910618
4861936
123986
5739760
2508040
928414
5556784
372036
4312081
5293125
3256939
2620409
4341887
3489265
4154676
4284242
2851138
4413318
2230220
2650359
964820
4360076
5642227
4720714
5096505
5781265
418166
5374167
3444081
2077363
1937451
1314930
3237157
4657292
5544492
165624
3178965
4127201
5086506
1059669
3490649
1542997
2610862
309259
5897249
2839832
4582813
2728281
1302409
5245588
402708
826870
3606782
448464
3624800
4177312
5237549
1880352
5487704
415238
5290025
1935098
119107
2770011
3809519
5832073
3516024
2150260
2022047
298035
658497
1611589
3690655
3171479
93674
1463266
4646137
3358294
3717195
719807
198122
4306683
4780171
1069426
2727664
2842519
1571993
4879605
4926437
525067
2969410
267746
994336
5679955
2614789
1217543
3864944
382405
4120789
2506590
4790565
2809973
945166
5791459
5729313
2478425
4564138
1880530
1980924
3894468
225171
3139927
1608646
587972
1598867
779063
2228374
3674724
362628
1253918
334515
5136795
3982148
4430532
4933443
216912
3551897
680964
765699
4743866
2053533
5846566
3035814
5541766
5519943
5614035
3238107
240329
5179447
5070175
5862965
3761467
5747318
4009733
5170630
1655069
294979
3315455
426984
5876599
2323496
4720931
781422
77485
2620804
1948931
1875626
1556369
4012922
272378
4708136
2114704
4014371
1523829
710222
2044360
5979166
4862791
1532060
5525411
4271020
679337
2106259
2787879
1631522
978264
3851519
3276300
3602678
2410974
4843185
4095192
5739069
5342392
4198610
4385075
2153881
2603458
5411981
3382166
2647554
1527521
263041
628974
1046800
2325626
498093
1931921
1830142
4160716
3427733
5617807
605951
5707755
5544631
3219445
1871818
2619456
5386265
1990487
5100156
3002699
821662
936142
205952
4880215
4344552
520614
5734575
355966
2187197
2102349
1686803
1324077
1066632
1113964
2069198
1704498
895399
45766
4497885
3317087
4541684
2806519
3464421
5102297
1120969
3950719
1492679
1578845
259539
5313991
2386319
2185666
2558818
643664
5683132
1091535
3541066
3764946
3050091
3692442
397406
1322544
5242307
3002099
3644936
547880
493882
5171174
2122409
3653787
3852518
2776630
997514
2071580
2343974
457435
5466516
1031712
1128035
2892742
1663841
2146475
955183
2263847
3410912
5930363
3659603
1170372
2045422
1188633
3977482
4481790
5276363
5847730
2455413
5489407
2766686
2714513
4324714
2607839
1630968
2227799
5771233
2051284
3607850
2665894
4305880
5621426
4039129
4476163
4034308
4527894
2360272
5349189
4139685
5112684
5706921
889798
376702
5054361
5121816
2244624
2141085
299203
659555
2283409
2316830
1668807
3662118
477891
72740
2844310
377625
5781760
557078
350772
954453
4175090
5540184
2372579
2628633
4396420
3224469
211229
3545874
3719588
3507529
3258332
2817181
3062975
3241930
4850045
4079250
2438857
1024230
4408208
121700
98333
2709391
3107507
996078
2242678
846979
2002273
1928843
1101797
4354440
5706276
3727778
5390949
4033856
4217979
2630709
4426805
1674323
2608531
3473048
5821675
2632920
5908950
1956017
264345
2113228
4019645
3205280
1562027
3781738
216571
2672454
4728269
4344205
2737586
1998397
449251
437463
5064032
5718110
3240916
2220459
3833073
4807857
3350713
4081305
4441582
1182647
4159648
4522253
741962
1438943
1244071
291304
3631502
1229096
1986024
2638248
1905061
5153161
3933241
5853038
4031161
187960
2178586
3281901
1334871
4424359
5755470
1897609
4307634
2127294
1378587
4314089
276989
1603977
1075265
4689135
2655767
5650292
4148068
644846
3043380
2846368
1866167
4855335
2297554
173696
104294
568641
4772785
1401234
3807858
3573023
1544470
3483105
159953
3584446
1121180
1042591
5138960
2710430
2192523
4043173
105174
1704558
3804486
4070973
167630
5997306
815320
112815
1906622
924641
3505631
5890346
539662
4227640
5787450
4287504
1526629
2362202
976561
5620311
3310746
1203652
138716
820922
1546895
1825368
1121072
1377922
3169307
1033210
1350484
3705399
2958199
5080281
2344170
838822
5193785
3194483
4483871
3883590
1997167
1896491
5631740
1849987
1031414
5097955
4220445
5130432
2228055
3546685
1062644
4672653
2890366
4695360
5056092
4197381
4181804
4858372
758996
1164451
4442160
3473645
1742799
2120487
2564167
1546220
3479908
1128131
491740
3223142
308853
3808202
2406061
4765839
1062588
2505046
2212092
5701747
3512884
3432435
1934245
1703159
2852657
4231992
1615487
3226635
2554865
5659842
337769
4228571
3032889
3132379
877783
1058514
2825806
382061
3040435
2879884
5792018
2689774
4875536
5077456
1542154
846635
225524
3508790
1592315
154110
4809392
564610
4943204
4472150
5522870
2705007
4502774
2586179
5592197
5664653
1509292
2497178
3839717
742910
4644188
2778830
34914
1209261
4089059
1213259
3447290
885311
2923819
259042
3105301
5988053
509757
2101721
4165721
3469109
4445410
1772206
3029724
4011126
5104180
914251
3177766
4363613
2142209
5984706
1095300
4850200
5053773
862887
2614806
910131
972759
4063061
1604207
206569
3736199
1228890
4242002
5902387
4296836
795
4218583
864179
1095697
464120
2832520
1168013
519266
3505780
4993941
5393600
4455197
5111673
2708401
4386831
113452
380913
4634644
2923713
5694686
5920657
3950985
3327055
1651615
382761
2486811
5530076
3775999
955539
3286945
1221984
1155461
5811309
3007350
4816838
5354790
2658566
1313565
5044807
4017955
4999371
1138110
802618
5080192
985072
1743152
3027117
473444
913968
5204452
3536095
4441776
783102
5337616
4203855
5211049
2912760
5283088
1824263
3004688
4091561
421531
3129182
3441008
5435971
2889239
2487673
3430053
3954845
3291446
2180897
2152080
5634978
2468307
3614301
5141417
3169131
764640
3840146
4229183
5992145
5652452
3996233
1173080
88256
107896
999479
3625929
2071855
5933153
2621460
3440774
1619087
4264766
2905324
3953767
637880
5553892
2998471
3720227
4692928
5030899
3053710
1504574
520464
4034264
5731487
587844
4291062
5070211
4752334
24959
4827207
3022517
2930828
5499902
1301697
3406985
1794799
436986
5459786
2273270
766951
663284
2121294
3869491
4549764
1048683
843444
750476
1119771
805527
340633
4658364
177940
2679405
1776527
3349509
3443029
1323022
5958279
5188931
1782899
5832608
475250
2268759
4206073
3653814
904849
1517069
3424755
4374141
591933
551316
4673053
4958899
1061209
5573803
2700382
3562067
1604193
3976691
3428321
5293979
5129728
5683537
6802
2885864
2465868
3937562
857356
449313
3533991
829451
1930094
4741747
3201810
5539482
2267876
2760617
4246560
1543999
4072355
346753
4996443
3494063
1609556
5958621
4921080
5554091
3748873
1672195
5028688
243014
1831754
890006
2085166
4323277
1548621
5486296
4436081
4150237
5456329
5754507
5874679
532803
3080068
5633955
4073697
2215119
5818927
5876368
5379233
952125
5319251
4121126
1839589
1929586
3894308
3588355
3045043
176685
3301282
37944
4710625
5812556
4191562
3364085
4622891
3158257
146914
1726597
1556433
5274325
2697109
4259959
981473
2134762
4200972
985407
3242328
4396581
1938612
5395076
3988696
2807770
5621608
668698
1283117
726745
3348126
4431686
2040704
5453153
5702689
562750
4236661
1287873
1745828
1086650
2227905
2424826
1900653
52058
2037823
2941264
3360630
1957685
24780
3195752
1032490
1321375
4691303
635009
4762939
3239729
2032023
4009235
3775622
4360471
3561998
4306167
4656723
4252293
3060859
4508337
5794183
2489170
2366906
4428604
5993313
5138455
1283181
916378
441377
2552260
4910503
3478840
4860919
2302076
4640638
5828193
2035566
2977998
90621
2057861
223225
1169765
1125558
5988517
2357295
2917158
4527492
5291482
2799995
3299638
1777696
4627766
3762058
512913
1017014
3735129
5977056
3928494
325013
2140272
4808879
3630484
2118000
5436299
4847225
716537
3814000
3088213
4803316
223089
2646845
2677060
2282097
1930605
3076630
1353697
5443996
1533706
2794310
756280
4901135
5347941
2111322
3323246
4182410
2602383
2084393
3325786
3553454
3773310
5791564
3853188
4200894
5827681
2310115
2981913
4358563
2148998
662625
2612853
3058455
5748233
5503957
1871969
2474551
785181
5607397
2839568
1151610
3964443
5385506
4889731
1498868
3710571
5493063
2389359
978428
178367
432538
1966540
1742132
511914
2805774
3091676
2320517
2850538
3748565
3434803
1818958
4375615
1693290
538393
2183073
227111
3309672
5858158
4246946
1392582
4573568
953908
5450389
2408739
3258198
1103603
2579246
1556334
2918974
5532436
2619791
4314226
5353405
4685216
2581768
1376681
2107834
5418273
3471907
2877272
900382
3046878
5284325
94536
5117673
2128326
3017421
3770134
956584
2635128
3474697
3600937
5260210
2813871
1472284
5418206
3285486
4122646
4615247
3490482
5807878
284884
1884110
4022962
934602
3208360
3843340
5375943
2022922
490899
2145081
4684054
3834948
3343461
1350759
182132
2137917
4348149
892335
2312117
2580013
314968
3573906
5350837
4354520
432265
4787441
1440541
1534985
2022739
1766538
5930031
4671489
815847
5048898
5496841
926331
4770309
3244664
3033103
5612733
540905
4170835
4602199
4034106
268101
4046129
4074955
3678630
4609201
730299
5313346
5588657
338651
5556538
1193367
2198519
5368052
658500
4786223
99602
1671461
3423002
3416517
2009778
4531276
2087489
2504338
5654776
336347
2359510
5294760
1187299
3130012
5162370
3287349
4672529
1760084
4480452
683677
2969178
1879271
5998274
1824216
482566
3424828
3618778
5143223
74297
2675281
4786564
4897208
1388717
1556150
3464070
1567546
5400833
1384704
3966627
2080729
1983198
5397815
3196663
2330500
4963290
1016454
2563332
4785887
1631628
5184074
5936373
2216357
3264081
2161761
4840649
5771660
1854618
2386056
2331242
2362461
234722
4021477
3961876
2196819
4238533
1079439
1474348
3935816
2111082
2274534
5093560
5053169
5404257
1955597
4018176
309442
5546773
3676479
5197526
5865372
3023090
165523
2491592
1782981
935652
366527
1701082
4064664
4565299
5796032
1689541
2418682
2599582
1599248
551821
5208747
3480285
561006
4099037
50436
51985
3140214
3540033
5230049
3151113
716668
230527
166799
3441957
4759260
290698
2645867
3257809
3630713
800132
5062792
1885503
5248718
4801983
1877410
1114979
4045243
3619276
2729715
2307838
2594075
3173602
1129455
178757
1383327
4813928
1375754
3000829
1636814
5931211
4147686
3216234
5964099
2247737
2062909
4883581
3925220
3608081
2185342
4726033
5333048
5522204
246709
2552971
966813
4946533
1821191
3199952
5159819
2145254
2462909
5509529
3072925
5639594
922357
1169804
692163
5903755
5587669
2406825
156169
4625734
4198231
1130303
2689181
4713200
3495470
2567191
1734590
4594470
4648395
2126765
1928807
5303979
1092010
2184041
509326
4463821
2367134
5619072
5268514
1112092
5192711
699123
2818654
3094010
2307825
3667350
4789468
5027083
1422227
2578178
3774381
1455381
2739372
4355602
4895454
5003886
2173409
4847548
2855247
456720
3773433
592738
3203922
2699981
4193698
756674
3608814
3532185
2991972
3810230
4250875
2048750
1592719
4037154
2198461
4205164
3862511
4974754
5880594
3276429
5953667
699769
1011138
2920814
2796211
5124701
2971297
5547260
5157202
3771121
3830271
3357059
4723479
4797647
4858707
840162
3029117
46867
1963462
5587589
3508943
1693289
3575506
5764528
4929240
3386938
2401940
2574869
1806548
3216201
691511
5137279
4295985
5549752
1686478
5526602
2206297
2246900
4365095
4219381
396003
3745158
4506111
2523720
3585681
3621205
1361912
570941
532225
5099742
2698788
4435126
5720085
955689
1611508
1961055
4623769
2870357
5650980
4513692
3252570
2041704
1633691
4411626
2172118
1970918
2430391
3718490
4914936
4254410
2688578
4557859
4025718
1105628
1565799
1155632
2922155
5623201
5489076
5891879
2923058
5033606
560734
2827551
3409251
1611058
2470630
356368
3920540
4822289
4580478
2494356
2786673
156646
1844419
2708713
4626646
890964
811633
1315192
5612800
3268696
254785
4973839
351533
1346434
2219191
4449379
4804461
5186816
1183121
3051872
5677362
4489843
2449234
1709878
3469218
176292
4948178
4451103
5670059
3942726
445364
3250606
4015890
3866576
2783824
4472636
700992
2428081
3654870
55727
5080320
2435756
2540824
923845
5150873
2523766
1212188
4159889
424999
1267992
1797326
2360834
3463523
4685987
4098388
221168
5103950
2654636
3518421
590110
1855014
957245
498864
1190768
2583697
54387
4730908
1121124
4947503
1775848
3095942
4988482
191427
2221216
4776416
3145209
5835446
4950568
5738974
1750117
3779653
2261886
1044885
81503
333870
3222365
5562216
5047481
1873634
3009186
2579856
5499753
4030999
4985881
3356812
5508132
3730306
25391
5218887
1338753
2522247
197841
1557309
4811064
613382
3306769
5411767
4435538
2679960
4992353
3721040
229005
3082946
4682944
4364939
88010
163964
5580653
4908544
1044982
4371050
4201685
1254267
3462190
3377174
4510402
2244677
2382075
3867586
2972936
2097083
5892646
5376977
51403
3328022
5746719
3287436
5436864
253314
670005
3001708
3532340
5838657
5005547
3350322
5504826
2932344
2966629
2188341
723524
1878268
3582681
3895452
3296166
3413173
3811371
3343859
3016285
3593168
5252738
2616846
2994002
2282515
5471503
1041317
1675538
5017258
3990368
761109
5941246
2512474
4037518
2801698
593872
2407220
4092857
2867003
4410483
3633759
2546141
775322
5579388
844353
3817945
2372803
3652957
5024064
2845923
3818557
5421815
5371128
5529225
4753903
5971887
152910
3681642
3456137
5812160
1753531
5934619
2959732
794397
899305
1820665
5281419
438686
4075023
4856012
3523102
96415
5105252
5559728
5569961
3932258
1971173
5100735
2463337
1641142
1531873
4528524
1629194
1127629
4597708
2744179
633170
3986508
3940758
1464608
5742480
35488
1826936
2668695
4876174
5984024
5007264
1442979
5621470
79635
243720
2624581
2375170
5103110
3554840
4561703
3994465
2130718
5033268
4097086
791062
5987547
2425162
5809184
5303455
2143347
435174
4143985
2903314
978922
4186409
5187873
978736
4457521
3043588
3575982
2073258
3687121
137411
5536966
3587276
3789560
4993613
3192048
5418895
2273621
3921745
3606760
306479
5730274
578202
1300945
4210825
1627633
2146722
1923101
1672398
621432
2340773
1099136
2756170
3235810
2775545
1362152
126166
519419
5279686
3259907
784605
817863
5979426
3633316
3693248
1150972
1841174
1855832
4278147
206837
1531131
3970054
5612845
2267515
1304705
5117092
4499650
2519525
3009191
1144104
1675921
4525473
5629590
985787
623886
4352648
2922416
5697601
4725431
3629945
983192
4302814
2232206
3886664
2126189
3995169
5368717
4752035
5440220
1224391
5319628
4688287
3135103
5269639
623843
4397084
4792879
3507197
1448568
5063944
2047573
4412358
2051420
1933212
4058257
657606
1361341
5699827
3509025
1038174
3310251
2766547
4413377
3106909
4711221
5628756
1581482
5587431
2499367
447748
3758491
3502519
5655483
3200730
661552
4645040
5771887
872488
311014
1289566
4033663
1492716
3964512
2519251
867515
723764
3154899
5588834
3114707
1815914
328732
5590163
3303405
2780497
5230991
1903867
3940653
2562784
5254772
4921349
76747
277836
2773925
2700707
4381593
3309604
2888563
5427262
5835583
5992212
1789939
1581977
5449158
5968766
5322430
2577485
117213
5135457
2246038
4652124
2463134
4848943
698736
255525
2213559
5963434
3830433
4461256
1385772
3177141
5447620
802378
5874877
785428
4489699
3854906
1692505
3487515
2502381
4500078
1495693
5182107
995608
1168845
2433507
2276339
4889542
5178700
742016
5676173
5210498
3937373
985758
1944661
3439518
1710693
1048357
1572191
560379
3722605
3849706
5954835
4448561
2486684
3465244
2423612
4984373
1948925
2634881
3434250
4888311
3553686
5026067
614050
1250570
1332197
132311
4684625
976810
1535195
209287
4128695
2017814
4662257
2745544
1699376
587330
712304
3594755
4213147
4881843
3150804
4517003
2285627
1338368
827993
5971940
532442
7184
5675637
384583
3129527
4855544
671682
5119624
5369969
2516324
5611940
2211131
871136
342218
2664752
3252091
3111157
1485001
5772593
3617313
5598638
5160743
3858206
4173196
2481392
1219124
5054230
1218878
3423233
851304
4653182
3978730
5945081
5892552
2363418
2924322
5993046
5273035
1588869
2164447
2493568
204847
2836420
813118
1225854
64962
2373658
2206106
3738621
3552228
2669626
2833974
1926910
686808
5405687
2537714
2861315
3804952
3979195
2286856
673797
5400073
5352565
4636002
4012612
2342760
4140613
5598018
1478945
2789254
4749871
1976877
4696891
1468386
1127476
2533685
5150873
103809
729381
3200903
3933900
5192500
688673
644260
2650661
4339709
3761770
1216012
1939945
4025537
3619500
1525482
5747324
3795194
4845090
2008203
1137435
1843318
3860828
5569970
2796377
4068950
5201342
164271
2031016
3424979
2881588
1147717
3522366
977379
4545331
3613922
2506735
1840981
4221152
3082754
5831842
4208434
4182082
5260039
4283785
2947600
2713497
1537609
2250557
5012464
2085941
5259564
4000947
2412731
270806
1225786
2442276
5778642
4686070
641386
5804163
4796534
2124949
5058230
2140483
1390157
4622159
618924
366391
1222799
3399062
2272973
3788198
1701144
773674
1403573
996924
3210203
5656393
1258128
5803646
4541509
5091992
157056
5154599
5405239
5275686
3404827
1624817
1728218
140925
3052936
2684358
5319261
2996539
5088368
3118611
5693171
4729641
5634135
2230646
5025015
775094
2150309
5644540
2347876
714699
172035
241325
4563646
191847
5245387
5097111
4525993
5146614
5926883
3772242
1794464
1800288
860777
101729
872041
5022541
5186071
738853
3030354
4317895
3764728
467976
4968222
829627
591118
3751795
5453059
3654404
306388
5979144
459966
3910408
5603574
1917251
1471230
2232195
5834647
4903106
260400
5805527
1483085
3154162
2745888
1021328
54999
3981088
5909163
5380214
2137557
5963209
4430498
1470954
2922001
2875076
3639219
2659253
2601485
1885262
5327260
2152316
1478609
5376109
4337856
1358732
4148609
4489474
1111601
828476
4777028
2042194
4692980
1385434
4642255
2238322
3173664
4545512
1086073
710290
2507046
949462
1858186
4183353
3547986
4240986
847163
5700788
5728290
3797076
5827934
288153
5976471
4917850
3788245
4482732
1933017
4188160
4241051
5445335
793574
2515438
4061225
188315
4396937
2118196
4653597
1574955
2698465
2299983
874053
1592995
465580
4511482
552503
1206212
4124802
3080754
247009
4448856
5122230
2697378
5714941
5895289
3248507
4529230
4156332
3539448
1427807
1715179
2108557
3417623
2541534
5335242
2991975
1301957
2354352
1678508
5930523
2721556
404338
3182109
1083846
5492722
1181529
2836054
3868316
2118338
1349066
3456083
1851228
3097954
5231476
2679892
5972958
1047592
760874
94073
1412774
1968004
1767062
4281283
2221156
3148930
3311041
3982146
2489755
649170
134836
4947740
351073
4582961
4545768
5025474
3565896
4360355
2210543
261246
1151631
5461191
1968224
181357
3381959
2982618
4982701
448207
3050454
4289748
5646574
3465236
2892076
159173
1745857
3727837
1138153
2109428
3220640
4874182
5844627
3529270
107290
3163968
4273231
2054551
590578
3425042
2691405
275151
499243
1238723
5379389
5716862
3936973
5009340
5653674
801244
1734162
4217084
2049060
4101587
2576344
3597144
3327303
3667895
519966
859361
3353902
4938288
994595
1148694
4407414
4954376
394682
4611957
2285027
4958994
1513851
2785752
4187735
5051391
1333318
2150307
1898105
5142426
1451601
4820476
3798996
3162327
4552700
2836166
5085883
3469679
529889
301138
210718
3149683
290337
3312844
1307174
4140344
1118431
4420464
5953676
291201
2696295
4526493
2867039
1225564
938831
3460391
2477641
1228456
3263079
3406495
2462105
4849278
1041747
2058215
4911728
4819665
5704196
581068
4544722
4601969
1224295
3597111
2666827
5714398
2238894
422312
2415158
5857314
3316293
4717685
4366735
1302687
2239031
5373656
1764750
258948
5740112
3430726
3084391
5398243
2965567
708669
759570
5965483
4395809
3727861
1235355
3042616
5296686
748619
4420846
1596636
176737
5976516
5514665
5620128
2925238
5393173
5475180
2839778
3561486
1842481
3851700
2152182
5275380
3926073
2719473
686228
1009794
3684152
5213302
5610825
1851414
907178
2396681
736932
2052934
5190012
2429224
4608935
2657014
3114003
5307896
4856009
2188393
2262103
5569995
1110769
3117565
4416251
293850
2103943
1851139
3995093
1585040
2840944
1926811
2197399
102970
4914999
4481759
545992
3630037
1999751
5882883
1423288
3521720
3575657
4683175
1761007
341561
79429
40997
4359333
4491673
1070702
3926363
3246627
3482424
510964
4754610
5641901
1645297
202528
4659926
48541
5312506
5995774
1196550
1235445
4855935
589151
5108856
2387513
2248965
3483838
3028710
3121843
5151357
3069857
1500075
4321942
3676572
2044377
541662
4663041
2158916
655461
2380768
607148
2850374
2299830
2149790
2424746
5357107
3613671
1165591
5353888
2666486
3905278
3683961
2227824
2386339
181279
2593770
494893
5475456
3827161
249077
2591794
4790304
2056692
5959766
2171379
3484634
2358882
5057053
1491654
2126839
1751084
506822
585151
3052837
939929
1862830
4706487
4091711
3821906
863454
2924654
5921231
2737493
3027547
5626903
1042163
134196
5549133
39798
5251772
2027278
274009
3629481
2435013
620056
2855353
1825973
2484900
4378580
885166
546745
2015411
4572801
3968587
1750936
7225
5728103
1038430
5022417
1446169
5774974
2708180
84269
4239719
716882
4034577
3543676
460110
2688366
5704268
1283663
5983516
3874276
490290
5555208
2962529
5211522
4381383
1015749
797004
1321861
2051415
5925062
4314616
5169220
5941605
2753003
5260072
4876685
1224516
3314304
2253624
2006574
5058370
1123511
5965196
4582468
5677125
5481269
3027346
5484020
3114362
1419232
2920301
5126700
2879714
2655042
1826876
2950557
2057987
1999586
5581619
2557594
4669553
2126649
5423685
1677772
382384
500509
3022451
4425830
5045800
3478577
2558730
339803
2177568
2175985
5040903
4596781
3873073
4345452
685952
1409144
5665840
402601
2563396
3386894
5924733
4233972
5327285
3392365
631364
4254952
837848
378348
449199
4076070
5610770
53161
4567379
2119326
1777403
5313260
4947888
5993197
4865985
4367957
5376441
1484300
937584
3318576
3586485
3592278
2133009
4918037
5782227
1325113
3390244
774401
4453808
2270270
1191643
4017334
3223635
781858
4556690
5806433
1723327
2025604
3917803
6590
3273216
3807417
923916
1914064
2895915
1786912
3499008
885297
3336014
22310
984705
3819790
3987658
871798
2071366
167913
1979270
2605360
3877947
629413
4671148
4802234
2509155
4326883
1736730
1020634
4479978
4784609
3595725
4980606
2245458
3815300
1997358
4047469
5570296
1525847
2404513
3444295
5910737
1259495
1716924
5797458
84100
2424992
2457320
4990988
734813
3775473
731219
4018656
4421970
1655626
272369
17323
3642542
4794190
4801830
1942335
2108278
198110
4093008
4092497
4847033
1887109
5043323
4121946
80969
5088654
4890113
1290805
3949091
2512145
3777558
1159021
3909523
4331734
4052893
5892108
1664524
4964905
1326575
1446252
5287001
5059037
5228781
98685
259771
4276112
4209760
2871234
5115908
119246
3872999
5704949
1732656
5747166
3587130
2087080
3249450
48597
3966422
3439613
4410168
2331256
5972274
2467753
507083
526234
4424069
5637751
3961288
4355532
3465790
4151942
230311
1054945
5200242
2467256
750628
3458019
1100459
194775
4225436
5495588
1539883
174795
3457298
916844
1075088
1560288
4806727
1204588
3615430
4582111
1279460
5211701
1612
107184
3129880
3633310
1063225
5118225
1591645
3905042
5675076
450100
2360664
1981418
1739740
2720244
2592669
3539738
502336
1156162
983406
3806057
1661858
3901773
2135675
2962393
1044652
3927733
4689463
1317881
3280529
4911133
5051217
2965638
3471546
3725515
4672915
4352700
5466027
5646915
683207
4937943
2117397
2469821
3329869
1380300
561425
813192
2447638
1680110
2838069
1153184
3434115
231811
614272
3406951
446990
3517866
602982
4566326
2319373
3777155
1130073
1008739
3010707
2569108
3234764
1440818
3880258
4856675
2227303
4897750
5784140
1078426
3685134
1599878
2324085
370698
4084676
180879
1095997
4690314
1016709
5298935
2387924
5642718
3807667
4546359
4168516
743420
4143417
3171379
329302
2717341
3600889
619453
5290523
4039498
2184641
3577296
5187416
5763421
4297417
1024984
2259424
1563716
1654846
1205880
5177254
5422704
5649830
801746
5144752
2921415
4673986
2592320
3619249
1398133
3120555
1336178
545732
4563990
1262004
2700154
1504165
1101613
1209961
3671210
1987978
4840538
1086327
4500886
5291063
2404845
3751327
5178616
5984098
4055522
61520
3182665
5562466
2077627
336152
4947477
5191041
3312708
2920099
399268
5752017
3649112
1193851
4490936
1404581
3236257
5535340
3730227
491995
4451756
1056099
5201875
4270411
4489402
2474696
3651915
4728070
1914445
4712519
3326944
1975476
3830834
1740244
2927738
4233828
4372994
3786745
3156033
5354548
255023
1208553
5560923
530251
5372006
4608811
5731196
1658119
4759808
34072
3157298
1377090
2054683
1504887
3926089
3345924
3646561
865720
1300944
4622942
2295338
78207
1775839
5028268
3538376
5762537
5370599
2328692
620058
3097035
1165994
4015532
515033
2172785
2274388
655501
5194883
5362271
1142730
3503688
2823095
5266924
1576675
1012886
5236997
135555
4339722
2197389
5639066
1898195
1496837
3763011
2781870
4407095
191074
3024375
4534519
2245826
1573843
4132748
5448030
2000655
2400554
2909881
5298987
4705091
713852
3480240
1301476
5902060
5604515
5335228
5470180
4695041
1850219
3055935
3173413
4107007
1328037
5021057
4643826
1394682
1141274
5359443
4457739
197069
1607173
477010
2775027
339250
1920868
4197186
5864788
3524949
2845077
2929701
2227871
532221
1483845
3748211
15440
3988207
5270137
2629865
5508223
2924342
1972606
3367235
1555543
1694558
3294801
2100301
4488339
839666
1536329
4608600
3482078
1011454
4760108
1572552
2613307
5489317
3098514
2349946
4884485
2489509
582872
3412988
1147545
3766684
5725331
2127977
3708113
4041980
5082893
3554226
4417795
185651
3505284
3817275
4813648
5952604
3718780
3704561
3442933
5664242
2416451
1038284
1359448
4764914
5728434
2670300
1503928
1605146
259074
5027886
1114136
3611149
794962
4796948
3637120
5135408
4850344
3987127
2514113
304130
5784292
1926589
2230222
1063047
3497519
4620764
3655871
2059870
2952376
2290827
74232
2073958
5341090
2174070
3754492
2590008
2813684
1169215
5245989
5022659
5613428
2685632
2832210
3413526
304978
2469857
997078
5123790
83611
2898931
5064040
5413862
5794295
4958475
234486
4804853
671879
5708916
5893342
756650
5782410
4055023
1107761
2275472
605962
4707889
5436289
662456
2990803
616047
2154097
3277149
5044439
2489360
4476631
922902
1306766
1194101
4120568
46590
2450164
3516084
1882334
68221
3496036
3206614
3920729
105058
1901928
3764416
1589824
1310947
4714981
4139249
137821
2328321
3822084
3300926
266204
4121012
4095735
2800735
2434542
1369843
3793075
5932753
715825
4979687
2573778
4072166
5623204
1526215
1056268
2974103
5060699
5443568
3107240
4599602
2665712
1583521
2762692
4076310
1426822
2357571
1577094
5935567
4974275
315856
4629597
1389158
2493869
4375460
271002
149961
2557345
5997395
3076867
2809649
673145
440771
4189620
316099
4302136
4695386
1963716
485258
4927815
2726969
2715658
3575711
4637985
2091464
5331927
5885175
3638722
1382493
1264179
4828799
145738
4119379
3427542
