4324069
4314668
5873658
798857
5106172
3430290
2149007
4304074
4664536
1456411
358030
1900399
5263796
2441556
2362
36784
228059
239370
334279
565926
4734420
1602569
4645783
4517156
3610550
611991
5606957
3058216
1874865
1520424
4173738
3689024
2651030
2304934
286073
661079
5561515
3979823
310223
2916462
5977893
2372956
182368
2538468
4762453
3624825
2643208
5397058
1763222
5745071
5036801
4775954
4633201
2543884
5206402
770605
5134458
675472
5041413
1638639
3026412
3850445
1442028
263166
3899636
4251406
3023969
1177326
3757680
4786955
5412512
2848774
1106587
3546713
1404854
2338479
2634450
5748477
4697188
5343008
5930314
2780466
1804307
1211266
633661
4267744
5985176
1278716
799752
4036391
3101681
1715232
5164668
5595900
1992198
1563829
1625750
86069
3630711
126065
404057
3423878
2886553
2962979
1713052
2320872
5006795
5269240
3341355
2157527
203011
4171443
2391664
2898738
3946118
1275913
3806057
5049993
778881
3202856
4904941
796526
4655942
379460
2599672
1674340
4237321
2949867
4137419
4854088
571437
67166
901707
3463909
627973
244583
4699513
4277137
5910527
4957827
1125241
1969295
3489503
5539459
5344634
1192133
5119738
1644403
4836776
4603338
683097
1741512
2909515
2476803
2588866
2821021
264379
2476247
5954075
2307409
5799359
826910
1591493
2982409
258391
5999404
5136036
4422380
3489123
4779005
1509798
3471416
322545
4585009
2641210
413280
3491278
4644273
2738973
2848856
2828429
5486263
4506796
4207232
3314595
4672916
5850591
2640572
2774790
3186593
584532
553385
4565687
5685855
2583026
4639202
5605183
3091385
3360737
2824328
4470598
5927154
225714
3481191
4700641
978986
1062438
5649015
558599
4811195
5008086
4745020
5679879
4169504
3212995
1244202
2597898
2416391
5841320
3921871
1874411
1657804
2820985
5334035
2702263
4604026
5816495
4675746
4807096
3100831
1729122
5469185
2536917
1457256
1779032
4003966
4841728
2547172
1033357
2926118
2873019
3474439
5576551
5209848
5737351
3346135
2158505
5479905
4951448
2554797
900352
817837
1812897
714780
2432357
654640
5456453
115992
3956347
3230698
2557537
2860914
1402658
370021
4518577
3824329
3733514
4049162
1265815
2951363
663078
433891
1999058
1845724
3940769
681328
3518229
5179054
1073940
287770
4046803
5570827
1316637
4814919
103897
3111575
4304153
866567
773495
2985820
2146252
1881395
5117356
4845423
2184342
2965235
2417431
548431
3422878
4950226
930474
4057858
1551302
2301502
5534164
5825661
5213801
4592002
5921354
1708040
5858861
3617274
2781298
5411612
1293151
853484
4809995
793639
3830255
1681951
4842884
1416465
1791982
3936082
2735917
5173864
2735363
2968249
3330185
3407060
346283
3357020
821346
4844143
4920312
4847802
5546618
924290
4543744
565975
34934
3931691
3623309
3362956
1173020
1592300
631471
5554742
5695346
1970483
613394
3303981
2286514
5437013
200661
2091381
2008467
1970602
1560260
931726
817842
4009119
3932141
2454469
5959364
1025302
4358976
2403894
5084907
4871376
751819
4571476
1940502
631055
542286
2173435
3042503
2857656
2731863
773867
3612609
1215494
5161024
283797
2168902
316220
5268945
4693579
5434438
1757015
5253439
5629200
5020592
2010612
2303381
3024274
3731374
1961734
3317636
4851228
1054545
1705714
637765
719252
3462182
4611163
5261764
1598098
5372309
4829352
1613858
3932061
2232045
586294
5805983
4915715
1020479
3755092
3786016
3848589
5524052
1724112
4342808
748047
1471860
1436829
3611616
210710
1352792
1490806
3316617
5935873
4368404
763294
2745139
1434236
637885
388999
4557361
2078076
5312029
2033975
5540609
3354727
5517142
783717
3455134
1694673
3143919
347756
4463444
3335009
2884647
1638522
5064260
1139693
289969
4098533
3864873
3903308
2063485
3429037
4055716
516598
188479
4543729
2361534
2368283
3540115
3100117
3115785
2203219
4716710
2961422
2830202
3311728
5953079
2363886
603589
53371
2760149
5710779
4338298
4423065
2242395
120210
915792
1347069
3517067
1471482
1225971
3762426
630078
2970150
2404620
4021217
5503945
2893304
1014952
3454817
4294258
4564961
5716413
550610
3405860
5017401
1599409
4668410
711082
5410538
4951859
5083578
3988535
5502729
2389437
2827674
3050369
4497631
2107198
5448842
4771944
1036252
1643824
5869808
1974005
2012868
4785657
2383408
5823535
17843
5871400
3162217
4739934
4646289
4947881
1378788
1219035
2830436
3272721
2839553
2167488
5329063
4794323
3531638
4528397
5695215
827552
5396984
1550766
2266980
1539690
4800120
1467155
3168505
2714086
2087493
209575
3055616
5189441
2946512
2163476
3627725
258435
1822325
4453127
4612586
950772
2339648
3787021
822966
5102336
1524891
4805832
2644110
2167573
4114283
3224540
4409425
2825475
4482679
1754929
5913521
4619522
4110210
5944717
2527835
3314806
3693050
1916411
4855841
2408103
5452046
5633042
1025688
3952407
960420
1296624
3425549
4417049
2207286
1996272
1346195
3633210
1384293
309059
2703149
4549534
2145781
882275
2811974
940499
2896043
3747630
4946424
2491045
2203157
2524764
2557704
2071217
3478293
3917542
716401
4528336
1656876
5935839
241397
551783
509969
3337091
3635911
5132696
4657466
934694
3354231
5566705
1195084
3774302
2403789
40749
1218097
4401083
3527994
357620
4298470
2122535
3847136
2471433
166151
2176237
4339299
517305
4498445
3863827
3053142
4324707
3218272
2013615
3233078
3349913
3804626
2992993
3185477
3305957
2661677
4453454
5083172
1248381
2029129
2130580
3045816
2355386
4305276
2322974
3459793
1307459
4879908
3958568
411644
2568249
4750668
5828550
2063746
710170
2437873
1023393
4810246
2201159
3508641
1454249
1532425
1906482
3542179
66008
2273323
1659760
5444471
1729780
5335051
1400167
5239387
4956635
965137
1966133
3146361
3320545
1979769
5569016
2587448
5387639
1922230
295083
4518820
3565332
3825707
2100810
1214247
5401188
600702
5433557
5435029
740741
4635510
4523177
1845925
1074190
3617604
1218766
913566
266607
5115486
5447464
545786
5142163
3340578
997131
5497719
830273
5118773
521471
5034371
1408290
5844363
3427534
2930329
5708361
1436802
3332128
5498004
50009
5390835
880922
1224622
4128156
2848128
1869379
1538363
1643336
2696434
982212
5662907
5291264
1029129
2079235
4850664
2245386
4280247
5101382
5927449
352848
3987368
5324120
4177044
1160162
1848458
5599634
4948368
2868155
4305629
2148779
2255199
4299219
2727083
2181354
720879
3065271
4286236
1469141
1358973
4736881
2642386
4798554
1136916
2987132
3624326
1096505
5492305
2944028
490134
273771
5589025
5163715
5807594
2327399
3047582
1188246
3723265
3049771
1748726
1998591
4527881
2581416
3653147
400813
2198202
5958837
2940690
3688319
1580491
4559090
1384564
98609
5261888
3975414
1949628
772310
3213570
3906356
4420176
3116510
5823513
251210
4562609
5921693
5287940
3860915
5781202
5182059
2709907
2722651
687642
908001
375631
4046081
1773920
2915871
4391723
1421547
5684815
5404553
985623
3706972
5753566
5751690
5114953
997717
1768658
2906786
541116
4081777
4222869
4079921
5311219
526557
693673
2553839
1707011
4859680
5235679
5026326
4253547
5469191
131978
5318651
3853310
4689917
3129187
1934180
2731636
1101244
2595974
3241292
4175995
3319102
5538736
1229330
5175176
706743
5597439
3106009
4574721
5329583
2993324
2445175
4685598
5466037
5823799
2710960
5008522
5573242
4111247
3402504
5523197
2485747
4205252
903178
905104
946276
354554
4823492
2769179
1575315
3588051
3859598
5820535
2997282
3867248
4784038
1599020
4307990
3093989
2637027
1336283
1020395
3521057
602841
5612586
4183422
5383441
5259366
1217691
2482745
5562699
1554891
3749187
4527016
5010587
3622915
2827899
4462458
5531332
742965
323721
3152745
2676715
1281287
3820597
2740737
4703161
4661282
5094494
5054040
1502705
3601339
3764089
487089
1959146
4864113
3969734
1461216
2223616
2897219
573681
1605895
1141324
3286594
4138591
4875819
1108546
1929939
4278763
3131258
334311
1911739
4217469
505729
2517267
1836381
1782049
2555878
3814035
3891670
3774532
1069358
3667195
3824366
2325249
791025
5653395
4794333
3602805
5016435
2765773
5163559
5658931
1026359
5731888
3279127
1080268
582953
147969
214623
3582482
5315087
1363281
1184655
2337469
5948626
3145568
4961337
4310970
793076
109828
1682304
274475
4717468
335842
3976892
3818886
3782499
3445116
2240507
4751727
2774338
3505345
4959730
5394412
4202957
1686077
1658291
121282
2583654
1796880
3449857
4770721
666935
2056929
5457120
884717
3295295
2486579
468694
3982570
1721708
4748933
5216855
3901934
1440202
820936
1859445
1238585
5623602
5056538
1310173
3210425
1619135
1171194
3664805
5611236
641004
3946950
2805851
5575600
202021
2158701
2755754
3819269
5851443
2409678
3667294
2912929
1855109
2574492
3555301
4098614
2579291
4474818
3059053
3507121
492350
338312
3960981
1308619
2348410
3083736
2286156
1980192
5630400
1257263
5072594
4778871
5811277
3027272
5896076
2100898
5550394
5621169
5366964
1004395
5751793
3533721
2434415
1483372
554547
3801809
3457781
3907987
4972178
4730933
1376406
2547500
4967183
4934904
5673507
5675540
1462430
2685821
2257416
2001267
2703207
4205492
3033839
1330628
4158915
1868463
3338639
5981961
2117567
4292216
3122210
4784992
1459541
2970987
3341830
4521645
334071
4100714
1769660
5811572
3964043
3436924
1879438
183037
2276701
5215432
591291
5610289
2692924
5628269
566273
1533624
5260121
3862588
4266424
2690727
3751064
985703
3324596
838021
2228511
5242357
566203
2548793
4891611
455880
2416154
1518708
4172783
5973806
4220987
712353
3923918
3259696
11034
150349
2235048
3763475
3831718
2399016
3515242
5022110
419332
702607
4551383
2669905
3795883
3635667
5248030
2702313
4593098
185978
3759125
5054648
3566377
1381386
4265702
487317
2279603
1854133
1761267
3966762
3055217
5190823
5104168
997415
414131
2436253
5053944
729730
1443571
552795
5321131
3581660
2567983
5230757
2257733
5778439
2871375
504127
3480676
5862135
1753336
4829621
5962560
4374855
3417097
4718396
1357290
3749945
4327311
3923272
2224025
956712
5556538
1252648
31267
4101822
4159476
1077157
5803595
4678592
915369
2917260
1792248
3297184
107603
4171237
3682750
5597783
895210
3649889
5783494
2649205
964888
1762720
1189471
1348427
1407279
478424
3457569
2049047
2738952
3417653
2980132
1551285
34045
5798118
2678017
5122507
4895728
3753420
4058750
4591447
3416079
2025541
770352
1891720
2266034
4474614
2688269
5650014
4242146
3887862
2318704
3272132
5827978
1359722
4915062
5342763
4090730
3842492
5434791
5471320
5199780
2724077
2236944
2285433
3395715
5726288
3134744
1476844
4797793
2867714
5089326
1793787
3599613
3456676
4255955
2903940
4204855
5275485
2062491
241334
1397966
3213535
3333121
4264342
4461074
1701487
2912266
5250132
1001150
3634919
4660866
2463502
5037632
1884900
1866152
4373612
1074700
2287083
3253637
2189449
5863581
4793496
3997540
5504736
1139736
3467302
24394
5115115
2207227
4049758
3554303
5592088
1014269
2484019
4769958
3438257
668363
1755203
2555632
2851934
4664280
291238
5673707
2955582
4497169
1499235
1915183
735319
2655592
5341542
4889691
5332842
4608951
1388529
3052722
975282
2416830
1723962
1456341
3695671
397111
3421066
2485061
301501
1902122
2005318
698565
685697
1858935
3475078
3419733
1377742
3089056
2206494
3618947
5560800
2528903
5704906
4648013
2399231
1451821
4308548
1372984
1868044
1174527
5117386
4069214
2065742
1676236
5619443
5100613
2377519
5394555
5687341
1426228
301224
1007338
3489392
1962212
3419139
5818476
2354587
4082095
2743878
2319806
4812705
270530
4626394
685041
1675657
1440764
3136254
2078074
2695219
5964775
4572433
1796673
102301
5144656
5832875
1419910
1954222
2250691
3376749
526520
5437395
1111
5252546
309233
604804
1391155
402386
152288
5796869
3978852
1151706
2369424
4345979
1397281
5887030
284300
5299240
5894185
3879559
5276439
2843291
5324761
4128417
1931653
2943550
1896781
964246
410566
4044165
4232221
4201744
2468860
2227053
229703
4122012
1386146
1285799
543812
4999086
5307965
3268569
3844663
3359198
2982241
2855865
1253923
5430573
3471218
710856
2882379
3583943
4330990
288392
255727
3226987
2082760
2956290
208062
690743
1602210
1764885
3949678
5091000
1266890
392480
2720126
2007046
2467005
4625024
3942590
2985306
5477402
1038510
1709775
5002178
2828030
4842766
2349424
4633373
2028463
1923680
5853889
3077111
124324
3867299
4051838
5172041
2178840
1484887
4048517
5315967
3320709
2572592
5496785
5381534
5319111
586755
3179339
5037397
3175104
765416
3450838
5441326
787907
4537760
1396893
4410012
1920907
4632946
5857526
3890497
2764585
4929648
226788
4520977
713959
1833237
112076
5429697
4559682
5835400
1051102
4100695
3209826
1550110
1526856
3445482
5050274
551006
2866267
3428764
3542109
626198
1395632
5623040
2975898
4452899
1853366
3905510
2251908
3117642
2176558
5099744
2331927
5617945
3193743
4054870
2254939
4047549
2940012
5721839
1048135
5426788
5110527
5114608
2255782
5615030
3276738
5919553
795862
388320
5401573
1309113
4472324
1103477
759929
1874918
1676250
2476098
610814
315890
2357812
3807985
1056280
799486
999384
5392916
1700374
3177280
5841188
3295363
3015332
3896739
5990545
3802530
3300555
1471268
3684209
4350170
3753943
62565
2174352
2111941
206075
3243669
4987705
194931
5474994
4786957
3746922
215382
4626803
2303298
5280404
3711963
1959875
3261311
4156322
2288948
33383
4372743
4144573
990769
4185692
1467794
3275910
2247094
5483182
4385186
4888448
5180143
2573136
3245104
181948
1076062
3855569
2308783
3476003
411052
3663329
1509165
5124818
50188
2841410
4494339
198955
344457
5584333
5506725
5009945
1918679
4936245
631025
516754
3455523
3727172
4827968
3923875
454258
582943
676557
3940555
2778822
873281
429627
1319043
5959235
121932
1337446
967689
865671
4321677
3470590
2443377
3701284
1241721
5594341
2478586
2703527
3771023
5079303
4617487
5038011
2705500
1082362
2958251
474119
3564077
1037902
5929768
2025493
4371921
5406309
4439667
1954138
646375
3056715
3137288
1429588
1079537
4968515
1120419
2382039
2664065
4756095
1695004
4351101
58581
4536752
4762419
3992704
349603
4901383
2257299
3184712
5803006
4432064
2032869
1225063
3103957
4286207
2806090
3212733
1289052
4822484
4355401
4349234
2428213
3566808
3770509
5107829
5529289
1433821
992141
4901392
1564146
3993011
3034535
3399398
2785472
3399749
1749126
1935641
5799289
2921234
4521490
3907978
4250884
2506693
629436
12595
2337885
5224285
1705191
920179
1136441
3497695
955027
2058555
4432545
5218613
2954777
831800
5837018
5956596
317403
5429979
861829
3039274
129648
2987654
4003730
297098
5944604
2524816
1462520
5569337
3175977
3405245
1003064
2439917
1790262
4693107
3270179
4485762
893933
5744600
463582
5318766
2758603
5547809
2874158
3279297
5723129
5318851
1391527
1719285
368023
5285428
4106809
4805408
603394
4389002
3493341
502650
1447545
4049547
3475981
284546
764512
4917684
4754039
4958256
3366053
1902336
2627981
1954173
3524608
2185
2988049
5234302
1119415
4353233
2067165
5973812
1545813
373904
2745348
1900371
3488586
3924850
4200020
1127392
2072203
639148
5210434
444909
1204689
5762511
5224310
4398002
4031443
392826
1176353
132832
2677138
3996809
612896
5793495
4244168
5659122
2193499
5621564
5775287
5070798
4757763
2062934
3246097
5045382
4439837
4850962
2499528
1421319
4911552
2922203
2350839
1285947
4052974
3875830
443535
2277648
1663585
4255471
5813142
2907721
5997682
5561130
2873538
1333537
3023529
2470674
290502
390053
4766978
1447117
4527394
883724
3655926
2830040
3182809
2733622
2458743
4397801
5378111
1436058
2834609
2216740
62551
4431772
5930037
3780305
5549610
5670913
1759491
4634395
1383317
2753275
1348165
3043025
2944542
1036427
2922653
1065030
74591
5258524
3478325
3923905
3566735
2194068
1677489
3988953
5437643
4466895
1995914
4134302
5940421
2534993
3907593
3003093
1190602
942578
1186551
1163543
4253220
5316586
5278931
2188045
4898841
5280019
246911
4164739
1862158
4196413
4226717
2380241
1124153
1032689
290811
3282470
4669439
4021176
4991671
3218545
2122505
423389
2979938
1321828
2182646
1023690
3454607
2272910
822145
4796037
406158
2769557
1251655
1620723
2866658
1867155
1252336
632865
3342835
3009094
5696069
1959889
3696232
1846603
3097114
4682047
1274122
4229648
4214429
4535253
1946580
1447260
3725185
5476743
115301
2114555
5565928
3514565
786460
2185828
2117991
4154425
5635384
5374246
797889
1574955
1047422
5485367
36509
2701323
5281649
4702814
4353310
2437260
2329524
636335
1859585
2438886
2677411
5226931
1132651
1061974
1684631
4506857
1838150
1750805
2397527
785083
2192291
4943627
829919
944462
4574094
4739695
3664694
5132506
4936083
660622
4281062
631529
1042504
2729602
1268876
705536
1550322
5856377
178533
1318661
5095586
5551890
854256
1036088
1476400
4520221
1737315
718879
3005816
4873504
3187675
1396714
3323025
1149641
3752225
3100887
343737
1315876
1885397
499453
3947199
3581841
3381549
4872145
350698
3865709
2186017
1713547
5009955
429220
846920
4366742
1609673
1613894
3514325
1074146
4488963
112598
3948295
1065846
1038123
423957
1371748
642245
3185653
5191143
1675007
594518
4861591
1488661
1067850
245636
4569691
2043020
4046061
645781
1553944
2538534
3544091
2717593
1774050
5381321
4633547
5747464
5557874
1159533
4255769
5640363
5714743
493754
1605204
5131371
5091843
5026353
400803
5841667
275674
5051545
3525775
1073067
2425695
1365246
5617356
3484164
1343774
619753
1409466
3882038
3954799
5916715
5602319
4727426
3369279
3635738
3836144
3380672
3473013
1578961
1223028
3698471
3135399
4699834
3076789
2357873
4614397
4507935
1183078
690076
5731166
4238486
3167204
89168
4787575
2873085
5608625
1467013
895542
2286370
2096621
1665203
3096268
2814487
494105
1130983
3236259
5418564
4852128
111090
5536486
5978330
5410970
438620
4026935
4711128
638491
4351167
3194455
785217
1647780
3473169
4717835
5941421
4053986
2972238
4854019
1710211
4078902
211069
4266227
3635789
2426113
5319842
1123109
2635715
3349360
4824959
4951784
1586995
185903
3420061
3331629
49015
5088326
1795132
1202471
41727
114306
164663
3736796
3342142
2334165
2736744
240582
3316926
4729767
3253959
1440289
3831473
3608671
984177
3611514
2607058
1427624
1584554
996527
3290275
6949
3348980
5469060
4889949
5616376
1229390
1720435
4498668
5911382
583451
4766124
1264275
2289557
5443334
1228053
5941618
3899683
946013
2211792
3510443
3506316
5768683
590244
3406782
4439392
4602914
775370
640444
2109679
4224508
1692552
341295
3315644
469037
2585473
2375514
3179888
5438301
1879197
2423397
2148697
554671
955171
4090821
975945
2399198
4980068
845105
4723680
1588840
4481445
5949375
2242967
4443663
4009969
1079087
5366084
1589679
4373734
3707642
5928255
4287010
1598768
1893986
174632
2887279
1364170
1482058
139472
4171465
974033
4298668
5317561
2683860
2959166
1046447
4168109
5534235
949087
5416677
5174274
1521898
3169795
3580300
538857
1832565
2815413
3814668
2595746
5222472
4423303
5939853
3268123
2399816
1140878
1211478
2464188
4722960
4157179
1632387
4598998
2681128
5264423
2611795
2289808
1066581
545914
2381187
4209409
1134310
4140497
3583883
3035621
1111944
3252075
409306
3139118
5249960
3094283
517079
1211565
2414009
1259360
3522859
55275
454485
4446466
410256
3928389
4273576
1914241
5958080
649135
3935483
5481001
4759972
573840
5708795
3123281
61746
933797
705120
2868157
2877812
3009452
4889048
4763615
2591625
5987244
1874391
4817476
1754633
2252345
5579892
2927523
1175683
3279147
1886937
912119
3829333
1050962
3153670
2793436
1994278
1652255
1471194
5852215
1311688
3279112
3974106
278572
1885546
135100
2611637
4911835
3222970
3968717
5765834
960076
330182
2464051
288830
5164940
3836682
4558043
4346653
706612
3168387
4047507
1575264
2924931
830973
473555
3990466
5424708
1695330
3771335
3468445
3747478
396581
5649154
2393012
1155016
3706883
1905263
2247686
2284576
4290078
878714
5051128
3400543
5747293
4782844
770643
173316
816571
141150
2848054
5483379
4913443
2862993
3191530
5131111
2750094
5399219
1193116
4406153
102776
4783953
720552
250134
1545310
541490
3763936
14475
2986750
3728146
4485798
2436862
3796267
5059970
2344241
5369481
1467228
988016
1754193
4840932
4263728
1907332
5869560
4356457
5162618
2592263
5888306
5603329
576904
3875814
5784992
3955746
3951334
3050342
5098759
2830947
2503697
5915616
4863555
729115
4339878
5940841
3440242
2548654
3351639
4336368
2838220
1211054
4723458
5012827
467961
775214
5351024
2430305
5868888
160772
2194819
1810354
1997164
3244419
674541
5742563
1228464
1668461
5795151
2173364
5962228
4470250
336768
946155
1941160
1020591
329433
1609598
3865418
3360152
635303
2607624
3905922
1676095
815726
210465
2328632
1289018
5967996
1901007
1858443
2950860
1151318
5544900
2447708
3952571
1975748
5752271
5705845
617927
226936
4302913
4141650
5885575
2445739
5013248
2929425
1778189
2723269
3366169
150146
3586195
1475184
262844
1527729
4520018
2653964
1115740
3695801
3678188
4460737
145665
3610703
909514
2108968
514453
450402
3116753
4830002
5856857
4039392
5587169
859556
995473
3892861
633239
5508727
5421175
2530557
4713549
5584950
3441054
5218425
1499898
1134707
5238831
5049606
5785910
5165668
4371282
1557523
900819
869003
3324169
4833527
4218294
4958698
3008325
3061810
4450338
4848004
5894900
3187475
1515726
4597560
155000
410759
4825197
1294358
5468918
3553834
316705
1598488
5001450
3182831
82502
5395528
2253280
3920160
5721675
1172217
5301207
2186108
1349543
5123328
3084700
2246862
43117
3630421
2444427
1577097
2646456
1681919
5731078
5452415
4448499
3573571
1541031
5739413
1044787
5839732
1252649
5770796
2678878
1135363
2546540
3032169
2916151
4605205
566081
1855145
668442
4044366
3192980
405352
2586379
3434310
2896014
3484341
1301253
327837
479386
5818579
2992479
5612670
4298879
4873349
3970708
1864057
585833
2948664
5448197
3454469
4325211
2297776
2808432
3593287
2046334
2084148
2461568
4635129
5075362
2865893
5605505
3948672
365539
2039472
4256198
629539
50830
5373837
4804762
1952838
5440111
4916742
2849050
2150944
5760340
469245
4116093
5493291
4740019
4195742
5197649
4249283
4461020
237455
4221181
4804450
534622
3963411
379121
3532888
2249495
4867808
2324573
2628951
4777268
4140115
2359705
4593043
5792282
4251604
1574667
3914004
2487748
5170094
3800178
5595473
4652993
3856001
3084036
1121688
4126753
5301116
2076271
5583522
1259087
5255725
44766
2851694
2492543
3425181
5109114
2746819
2168342
926179
410922
480008
1576165
4345986
2189666
5370012
5271020
2844688
1542510
307197
515465
3398860
688159
4643614
1118269
5993268
1696239
899892
3129752
4934340
2454812
657219
2232596
1917923
3679839
40313
5549872
5145953
2003901
3241363
175413
1632484
3482041
4974977
3732803
5126863
4122063
563188
3460946
5008306
5795932
2945518
3770024
998172
4296292
204548
4335198
4876957
3711265
2518696
4428313
5135333
2249368
4380339
5566586
873076
2811249
2793858
5343548
3893056
4182000
4372562
4859055
5730954
4921499
4245225
4624465
4189248
1686610
4105767
213189
5827762
4331655
2408801
2571515
2726121
3560865
2123008
4255895
379245
5074532
620335
4211537
3825755
394646
2662214
1928070
2391940
4065801
1433106
1890739
1389849
444140
5464430
4885338
1422174
3908293
4122828
3900391
489034
3510379
2222984
4296865
2274515
1919365
2993567
4709136
855291
2970655
4109614
5670525
618761
5416215
1874365
932278
5519704
4861476
5497797
3009189
5368093
3564492
2280554
5261521
885344
2971107
4389745
5994188
2568880
3470460
5794369
3595326
1808887
4705414
4828296
2009400
4051169
3201115
1540542
2237499
2814615
4294639
5796296
5434816
1095470
5539081
4222232
2851000
5847908
5251711
2473393
2573429
479901
5700600
4170500
1912647
32440
721700
3730916
2790573
1629924
4239628
70
5770296
1541459
4245113
4249482
3884622
2882796
2031919
4351903
3616038
4674430
3170255
994220
4140125
3315366
1830259
322051
670679
3411092
1645319
1989941
5521613
4088077
5543864
5669647
5226582
1666258
1064597
5396529
4601494
3497824
5332293
4622374
5302585
2623851
3532386
962033
1238723
4754954
648318
4689189
2502769
1550908
2099464
142672
4496934
943377
1609431
5366593
1519748
1659168
1288494
4476380
5629619
1983077
5654759
4977113
4817315
2636148
5011298
745019
1715119
5918153
810694
4213136
4568828
427820
846515
2743164
366332
5471957
2359114
1528340
1688263
3663222
2047679
2837278
3992961
1190830
5988577
2349279
780907
4913918
5300927
574348
4576517
1232986
3822302
1716842
4788005
779836
2740411
5392257
3522929
665332
4115950
2601085
4940768
4240919
3711789
5423430
5821322
3182293
4327516
1079880
429471
2746227
5779108
5875065
2547119
3998858
4585413
3837945
3510063
5810828
5064615
5120081
4606346
1954959
172100
3650298
902563
2151269
1148165
4887318
2189839
4377261
2571503
2281335
1424860
5754144
4774626
5781163
2849591
1922190
5494473
3912725
778990
3717871
3151917
5818675
5215041
2045470
2838918
2903312
4454760
5062584
1472055
3463004
1403528
3583401
1763971
2476265
4842992
2215903
3800004
5942929
5962547
5586301
340127
1754116
486843
2653348
3849692
114224
735147
1635741
2438725
3622679
3139539
3034127
3854528
3732377
2854960
4852542
3781590
3895258
933309
3622652
2125104
5297823
892117
1100139
2963521
4441765
1065627
1434064
5465323
2072631
2682003
4014852
1495060
4634622
4619826
1038531
2778427
1051810
245100
842246
682950
2208509
5745074
1602476
1480201
1812274
5597518
5804906
4549861
2114030
2177547
660835
1964886
1930280
1040568
1156446
5234083
5000138
3865573
4577770
675892
5424548
1512286
4399261
5937313
5314457
2629191
472564
3457910
4375031
3567074
3493992
1500856
360849
2654094
5549647
4149232
68488
1823964
2929082
4367145
2687644
3036952
1816275
4023350
1650411
2589953
4937063
1078075
5943362
1403921
269414
3058743
738932
1233051
5640702
708133
1199036
3311265
2575002
2514985
74128
1182710
5218818
5871978
3787275
4002929
3076702
2342763
176224
1622249
104104
458963
5091009
1762128
5018506
5297857
3483333
5265494
3847231
1011295
3819127
5312478
609037
3773887
906317
1117398
5604029
2856108
2947948
1850005
166459
1849912
281704
3920245
4492693
1108761
2735628
3626963
5051918
2278594
5387790
1253570
349530
1924668
61231
288648
4879988
382042
2814321
3542097
2882683
4482605
4861524
2382185
277525
1406943
5268719
4887017
5816445
2201513
4781486
3867045
4165059
4273848
1018356
2267738
2330863
5789399
1822153
2153092
3480043
513309
3359664
2999050
3302570
3206105
3499505
5814356
406120
2942788
4738828
5595345
4454713
1357198
1324002
4019874
2056078
5130532
355098
3293269
1412753
1884121
1202991
4431710
3640900
2710790
5342587
1763902
5632373
4291522
1196890
5708506
1623086
1741401
5591298
2706677
4337153
3859298
942685
193154
103262
1482336
4420028
3624648
4132175
854972
930304
5162792
498091
5799465
358715
3569874
1102779
1711799
3099231
2594332
2791849
821221
2505468
4441163
2153355
4772145
5311314
4412232
5684146
1760639
5613764
1111324
2279460
308352
3154574
3542193
2343931
4603504
1036759
5443568
2912653
3385602
666065
686431
5346252
5940584
918668
5166073
1957748
185254
1279401
3121802
3027214
3138286
4369410
4924808
584755
2774549
5675359
486393
5258084
248692
4197285
648049
755843
4211696
3786083
1174997
4475204
2982946
2839906
4799550
4991725
655822
2617865
3230706
4589218
2536846
1122550
4801147
512878
4448085
1568070
2261888
2302088
1485272
3875815
1390977
3612624
4798476
5843970
5074976
2963157
3102182
5800489
848700
4831487
3094305
1368148
295022
4060127
1206496
5581767
3218074
4436271
3576574
4860857
2129974
2143785
359044
3835292
1031346
1840545
3573741
3301538
4654806
2638656
3022529
5408289
1329030
1337761
4012901
291418
4476603
4725088
4407456
4677543
3068694
4766693
2453150
560297
3704648
2427229
4816319
1996864
4258017
2457728
5460767
495218
2645026
2349275
4955220
600704
1309117
3326775
5047283
2622389
3952934
3280796
5290191
2009696
2053552
3103118
1378076
5346966
3550298
2598795
5072724
2335631
2097694
5148683
3953520
5111003
791757
4178395
1661744
4712279
5216475
1862476
4615627
2261350
1757531
4110885
2090764
1292872
2711522
5619838
5545925
3334567
4337016
5200891
4399357
2231985
4515845
1407832
2345708
4794047
4623913
3358794
761912
1633948
1306251
1998778
4950434
4175665
2521826
346655
5637895
3419433
4745255
1232482
2510938
2206851
2339817
3694028
2062060
2849650
962391
1683541
2612359
4027515
5650013
2012021
4013630
4049419
25515
2982699
3057026
4571530
736322
2225361
3399858
5271460
2161755
3637516
5956943
2939882
2390523
4839366
224549
1448889
4443335
1460562
4827439
1940498
3785819
4410431
3270890
741978
4770330
1013149
4700257
3377387
4023315
4988684
4688103
1072884
1221747
1244490
5064168
461343
5044459
2692823
2734445
4638159
5719858
5476248
733860
1818965
1477164
1916871
5461049
4848104
4150670
4611979
334841
3070614
2367153
3711525
1094287
1078547
4801555
2262679
799501
4323529
81943
5121008
2198209
4513725
4498879
2809520
4257500
5214489
4443987
4183091
2874368
4558412
2904548
3496570
3439615
2207889
3982840
736731
3039354
4867456
507723
5210964
1560317
288751
1569967
4004797
3098539
1140223
14526
1192254
1710436
1592594
1621885
2612665
4120628
4627750
747284
5835279
550892
2358906
5088030
262718
3696345
5266491
3478479
846075
2215891
4977609
352730
3587709
4106306
551529
4613501
3235946
3337797
5690011
3095935
4113754
2230643
2674443
1163041
172002
3183974
3707825
2607964
3314789
1290584
1398326
1045517
1654458
2201367
3629892
2700579
5319860
231161
5440223
1102265
5543689
5594503
3842668
2373237
5857749
347668
5359040
4942861
2251040
3917697
919625
5878767
5926146
1716230
3907650
5097408
2745330
5586507
104463
557359
3006289
885066
3953077
1213462
2082643
673197
1950715
2315516
3175243
2327786
2289162
2476725
2288459
3022688
2221935
4198332
5222668
2896876
3999385
2605988
1387784
5168438
3827955
515563
1577578
2578319
4608298
1993058
426867
3219328
341886
4258477
4036774
2170091
2899899
4086463
1005225
5860083
3375180
230707
671253
2026548
3042438
2147609
891731
1018078
2725812
4821318
2592801
1563582
5512538
5572679
1219835
2365766
1851944
693680
3624786
1023618
5845069
2736155
3745780
318536
5630269
141574
4102566
4855782
3145126
5949380
3307825
851357
2213735
3700259
1897859
433340
1561424
1500317
282280
3653239
2387538
340602
1498941
5237297
1885443
647130
2564654
1612826
3512127
2045491
1204040
701379
5416535
3166259
1625929
937269
656851
1044590
5080462
1729008
3518083
532258
5683485
5590278
2471555
4838753
644083
1453332
1220449
5906061
5626710
5100990
2963190
1735502
2069982
1359290
1196730
4755446
1059757
2773282
342398
5469444
944267
4442870
4046489
5209035
4085493
602737
4233910
4035221
910106
3750744
3281466
3645701
3877064
1241804
3736531
1393616
582842
5228611
5920547
2171166
474809
1060752
2639605
1756415
510426
4835122
1810576
890829
3067703
5402197
4291874
256891
1639236
4817661
388331
3921627
5247607
2367231
842276
864511
1597710
99238
3009234
5131455
1154234
4983098
5348775
5341657
5404769
355556
2293787
3487187
4878363
4363252
5747293
914554
2935583
3911395
546153
5100067
4467683
5148023
1551315
5440428
5649746
3158347
3184340
4580725
3617822
1743227
4967069
5606501
838175
41903
4880860
4538245
483057
5099182
3702995
5093472
4983974
4077748
1199527
2893247
4117224
446873
1689204
3626483
4890233
677880
4643202
2640489
4156247
2890925
1083785
1398563
958786
5855221
922937
4016301
5002646
3495844
4930727
3343544
2947696
2118619
2136006
1888710
2239336
5350276
3241316
66882
2143398
648009
3793667
4298784
945951
5531366
5074247
1628948
4665913
254624
3845767
4507538
2300295
3001952
43227
387267
3447541
1883414
3872375
2259727
1095321
3907522
1646481
5629706
2173529
3525887
2303882
859058
5938052
5547078
1362697
2438254
4818366
344479
3463727
2435289
3789297
4474687
834845
3536556
1515803
2724326
1890862
2791788
2668759
4669783
2004336
4577468
1703893
3994540
5128415
701965
3107147
2479546
2501577
5575701
2607335
695695
2550762
5868880
1248889
4542300
4268688
1352558
1742249
5535864
3028422
3321223
5218164
3841924
3030566
1223927
4013620
3909615
5123772
5776444
1058897
784752
2699045
724891
2706747
3996969
341416
4190505
536295
1483780
5145307
4469058
3177985
552653
3467988
1927028
257460
524182
5117189
5474469
2749000
4036021
4342829
4156213
1786055
1514019
2895007
3140225
3680247
2990723
2174298
4039023
3336498
1784181
2269354
929206
5427783
3669651
1558723
3424975
693141
1686143
3630303
2237950
1140370
2919982
4638203
2926582
5794818
4358280
1255199
5416428
2613552
1379305
2952945
3869165
3646270
4778204
783679
2605744
2763648
2680815
172809
2094358
96310
3682461
2898440
1510977
5461899
3358563
5352123
3444587
1607390
5853227
5627006
913178
1323778
1532080
3186415
934007
3943477
3770549
4305018
2350869
5933810
2693740
5484871
2923399
2192642
5514220
4610434
1435294
4961380
1268900
299202
1793906
1370548
4615092
976455
4747733
1201864
4620204
963204
1258090
1161860
1696472
4895842
1667003
5933464
5615941
2601049
4697606
1874734
3722189
4881931
809259
464842
1529012
4431812
297299
1266032
5630425
3059745
3666390
2383874
4688045
3614865
587731
1127887
1390310
2530876
3316277
4622409
555372
217001
2485187
1923098
1005796
5679960
2346009
1584088
1804696
331666
4272636
5500886
3633634
4134198
2525559
409471
2481443
5343691
2954031
1304295
239119
4758017
5124689
5322098
2658416
1486396
5719111
5804341
4952329
276255
969332
5186438
1627766
114371
229470
5661846
3194757
3441881
2272311
2192658
1806274
442345
3376099
4830393
3318893
1556761
3534708
3616813
4783672
4948103
2831397
5227095
3798047
4180230
4616640
282311
2909645
4691694
1108035
780949
4117190
4031798
1602829
4861305
1402530
4380689
994599
1932548
5700334
2452992
138211
962844
1592371
3660770
1521127
752554
5442417
190874
2138753
4300810
5578706
2204472
2851115
4785756
4721971
2033578
5631941
2032980
5871080
4953898
1205594
3784416
3136459
2293287
3087119
4123185
1909447
4433529
3416744
1908401
3142470
5743348
4693807
4897344
5846578
2439998
5700245
4635668
1715282
3679804
5802263
1050504
868571
2192327
3045500
5134730
4821565
4166048
4106811
509126
4365014
3758430
3431706
968110
836749
5764382
5062522
3847191
5149039
1631717
911234
4595651
5391745
2207713
2980178
451679
141089
5719041
4570677
2805700
5405355
1122483
5052445
2546516
5246660
3638607
576374
3926689
2478296
931547
4598083
1754721
2079637
1963891
3881919
6275
514640
5565972
4960324
3254232
1476357
5967558
5685940
630183
4098153
541018
2019332
2286038
862636
1350660
2673114
4426887
2289262
2793599
5553361
2356283
5056772
3948436
2299797
1647775
316723
3395950
269197
3796479
3980191
3150489
3076951
2361898
4359492
3873825
2703277
4758857
4334365
3153063
3846679
581722
5593034
1021544
1691500
58067
1195198
2157334
5008330
5403415
854654
4898540
2479214
2472523
200815
1387479
1906917
5353328
1176541
5269860
5393027
3606575
3843226
668581
339454
4646577
3571472
532748
4201396
4236751
3935074
4176115
599199
2319720
1273958
5796299
1764993
5330935
1325593
1699429
4734563
1995532
772845
815879
1069485
274767
2393072
4926750
1388673
2813255
4232115
1819429
1454863
1339682
1253256
1941779
1635278
2156663
5806580
362697
4611078
3380804
147460
4084435
4172451
3569324
1532405
3789483
5466306
1315616
1461530
5129654
1611463
5618811
4068954
3571565
5159862
1933803
3766147
5665080
959030
1237199
914115
529306
2381850
1099137
4595368
252888
4266470
1812734
3559411
1377450
1394990
4540002
5013725
4099601
3875523
3950463
3862742
4478568
814074
1597925
1179224
2017650
1464219
4925315
2950802
4050761
1404289
1130399
3462159
1667288
1491027
1249545
146962
3962406
1773040
1288564
4433476
923072
3136228
5103699
2554678
3063875
3399673
5113402
4077006
2094195
785897
3182609
3360019
4010108
4858877
1408940
2899642
5272423
1389308
3274501
4958112
4311262
2867802
1422221
5601676
3670034
5200167
4738215
2912454
274956
3147479
3586647
5463473
1503054
5751906
3662945
869617
5740031
268938
2722893
5772280
4638602
5007501
5076532
1255168
4491401
4755570
2597435
4691436
4322047
2723780
1154587
674016
974984
2405287
456284
5353396
5263007
4448397
2935075
164443
383676
1483471
2991154
3659056
448887
3814488
4544488
2802112
4369033
5523568
5693809
2280145
5685280
2031069
4257112
2308930
212728
3911840
1660657
34658
940289
5957286
5908772
4783019
4689707
1155458
2429324
1686212
2555509
1903399
5699417
3477956
1434515
4668571
548236
4080895
2816125
3763154
2365326
1337095
3212821
3688952
3768949
3223766
5525409
2868113
2276565
5026858
5838417
5559066
524858
4216786
430260
5230782
125916
2174888
2069062
194564
4788183
4473176
4191971
2333002
4365726
5703066
3934162
3744173
5625277
3998044
5368938
841415
4503901
2687847
247941
2211746
2228934
2234941
4797256
640651
4955381
5185421
5238857
4991343
4694466
1521893
221546
3887607
4086939
3335946
1547720
5340976
349769
1111232
1128544
2864253
1357843
1680059
1702777
1471586
5935473
3231012
4180642
4062548
3052952
3211019
372997
1546558
3722115
3283448
4040603
2887155
4266474
3534988
3294449
3029870
446609
987111
3708609
3785701
1166048
3287951
4066633
320230
3499918
3832198
1290170
5637016
1898068
976586
4313648
3541895
2925867
2506027
5805439
1461797
918797
2816520
5209223
5051220
1676857
739828
2172395
3426722
1059922
162247
242224
3746327
4862561
4708944
3606878
2916972
4113296
4504610
5904405
3300309
4518430
5950837
2111723
4011343
1712461
5960230
3395702
2573407
356558
1333074
1034826
1411497
2969266
5629172
3096601
2357935
1919086
574425
1610987
5761204
5893183
5921057
2005085
170133
74827
5810121
284986
5853178
1513333
4657915
4222829
2632609
3050471
4005644
3351163
5399462
1617255
747104
4063631
1592672
4564799
1437386
728388
5645433
5927868
5046061
603885
3330105
3644829
5184636
5423322
5763414
1078965
5304434
5816005
4004454
3499312
1264555
4521556
5531621
3179794
4890430
2423278
5565004
3907136
2441772
92457
179069
1767581
2405951
2468297
2271388
2072869
2694173
2631609
3191160
3796366
5521804
1954585
728958
3751417
1529556
2925994
5432114
1082534
118726
2378814
2215369
5618860
1413119
980634
1026981
5154078
5112208
1579356
2047248
3745893
5546496
1299421
903476
5522279
2802643
2995255
3391085
1581929
625551
1417702
1621
762214
589091
1879539
1369724
5999625
2790035
1238444
5935899
3306666
4123647
529179
1238209
3114022
2682764
3269596
4677971
4307855
2304023
4758174
5247723
2685704
593626
3846459
1482350
503177
2028689
3305668
1039442
3889490
4669676
5516996
5823322
2237791
1271507
4992546
1961935
3734193
3838977
2014908
685049
2379411
1485786
4870755
5590869
2668049
948166
4943094
2943334
5581002
3825504
3555234
3414599
3647591
4894825
4913590
1470839
767722
40780
3442775
2547987
4861112
2437316
827915
2232640
4739405
4215621
1878934
5657858
5426396
683783
109044
2561819
1414328
3092986
3424007
3418889
3895622
4011304
4001661
3944055
316142
4383427
3909741
5619934
521507
1994758
894386
2269292
5104966
17075
2571722
2112319
2024733
2962544
2862515
3620520
3790505
4770618
3850023
3615053
1843362
3042677
307153
5750599
994545
1746434
83673
1737531
2317452
3101935
918580
3724024
5401185
5825772
5063609
3087523
4599069
1472569
3620762
1584652
4554063
1962513
1873678
145736
193801
1416420
1804950
356933
871501
2331369
2496605
4279490
5000911
284086
2204736
4376425
3364968
3751181
4014238
3248935
2969689
2009075
1410342
1946395
5678927
956824
3651846
1761904
4256819
5638717
3353077
2377194
3246600
2831133
926012
5287593
429294
5723005
4580706
2370969
4170724
4494734
1432093
3324867
4142373
812026
2354275
4151206
3307023
4310317
1455842
891433
2430837
5494183
5087139
3871626
1308779
2372486
1466516
2202903
5672949
3369282
1674710
5337339
1476887
4684967
5137265
5864964
5780638
470610
1232651
1465278
1885914
932367
5677202
2980884
369031
5000571
2339283
1540937
1582370
619677
3169428
3407801
4695607
1707621
5990218
5067330
4592734
5982613
590835
5396874
494779
2380540
5519599
5109156
5531646
942667
3940478
2578955
1055806
2623057
1987464
4659025
2155459
1437695
5162613
5398065
2129179
3077523
367687
4392390
5177275
5305309
4010034
1361198
5181899
2128381
2974058
1590333
2889381
5199760
543818
19416
1206961
2944748
1811284
417665
4890023
5806811
171566
381756
1877438
1291202
4798414
293971
3657952
3224061
1755200
1777752
1993166
2871134
3201933
3866667
1899236
5772990
2462909
4777807
4732696
3277612
2181123
326326
3084763
3722075
5882985
4208774
1120404
5213591
5915342
4927816
4168880
5449387
2663992
2158189
2091400
3206494
3447887
2059289
1685238
3640860
2629053
5087019
5642284
3747481
3778674
5531147
1830472
1480478
1476621
2430803
5991528
3499936
5504970
330219
4677913
3509370
2165619
1866521
5840649
914048
2109983
1232803
5397690
1893516
1181021
4640144
4137932
1815152
1063026
3020786
3180589
5642053
4598239
885432
4766104
1882169
3038952
5430792
4084819
2041102
3086184
662492
2217209
2330430
4440936
1363936
2709339
5133765
5191293
632649
966121
2508949
1681166
2725700
1094298
3785903
4556378
5595298
3240596
5580194
3980895
2407468
2200095
3491664
363366
4124118
4933708
2923277
2585797
3591232
408124
473821
1557134
5475001
2411644
1998226
74455
5262074
3768185
3767037
5003102
2429197
3984805
3651255
5584815
1876163
5984
885762
284133
4579780
513141
5858190
2422921
359656
3768152
5192180
5286088
333201
4462163
1909067
2177634
1463076
2656599
5435261
1565107
4178547
3705512
249883
1114470
4262932
2008544
4080273
1332778
5951031
1272778
3396014
1979935
265853
4374126
3738221
2721347
2912674
3778650
297733
4596855
5517117
4445344
5429359
1972878
3408329
5859455
4424480
4765192
3424034
2697178
506528
3890205
5492377
1435264
2900365
5622961
5780963
4404307
1696485
4578338
2518649
3894946
2791073
5476212
1931408
4163918
1887065
5985176
3653506
5766598
4389461
5917774
4723865
1086907
5464402
3643387
45499
318046
2748041
3007539
3895666
5325972
3680187
2611017
4445823
4346352
446258
549229
5168368
1776449
4137073
5104371
1855614
3620820
2727907
4687582
2581663
5343147
5668876
3987090
1095252
2289623
1501533
713291
5960462
5145796
4353942
4987820
477277
1534665
3655900
2940530
4421093
1701018
3580660
2508478
2006083
1306535
5532649
575539
4556673
4795269
5047021
316126
2673828
3959171
4004131
1048493
30047
2442534
3518476
3338286
3211595
2585654
614692
5539224
629992
3220881
2371335
5153707
5101453
4569216
1848862
2252243
474546
1495729
1763466
2760965
5741036
385160
1205870
984430
827153
2107145
4605884
1104544
2729309
3992404
2885184
1712262
1260297
5157738
3488215
2187115
5892078
4810959
5852629
912779
1359132
4552794
3000878
258777
2393922
1218887
1540188
2050741
1526916
1445856
1243942
3855164
4182497
355086
660591
698707
5034210
1209132
2455950
1835516
2518421
1379513
3439367
5356534
3368993
103366
1393961
3757148
912711
1142824
1390820
4793590
5957592
5362317
5068961
2417251
222805
5439077
3120641
2732601
2045994
5973444
267289
4230394
4673705
5038147
1005364
1712307
4094637
2033307
2553624
1091311
5199654
715839
523647
269704
4018863
2339631
3380610
1417859
3186355
738419
1173725
1514960
3509879
3101213
2351599
4232543
3019698
1085971
3969791
4907643
3305649
3842667
464898
3309313
3328408
1058407
1414569
4673531
5096802
5796755
2687211
1425831
2508137
1701388
5253271
1138121
430789
5999994
3539145
4675236
2403719
1291693
483129
4179188
5404203
294147
5877091
3867922
1442483
806666
2765468
2676400
2151533
4205479
1193366
535560
5137837
1577707
336895
3012195
1710824
1012581
820230
855297
4609163
1174653
2699828
2599553
322655
1844512
2135766
601889
4517257
362313
2731669
4966294
5038877
5449369
3342125
4088009
5408407
2075785
3625496
5490112
5250654
5946513
838582
550672
3924173
4042796
438915
4737121
3166033
2942453
3171335
4177466
2548108
3503450
2217542
5577802
4761916
278145
316517
5964916
753883
4371368
20418
5632319
1747295
3500802
5416447
3802065
1993563
5614413
1891464
3154797
4712743
2651348
3556445
1321289
2642354
4213954
1670748
4749607
5409797
4777168
2250546
110993
2041389
1587487
209025
5056993
4256537
3558595
4148856
3452386
3526407
5839635
5434586
1656210
431524
5506361
2810499
1012694
153547
5501599
4292190
4169787
1076282
3429914
150803
5753641
903194
977145
1892677
2655750
3722967
2368412
431010
4005159
1103190
3113390
2747192
5389674
851188
4693851
3467645
1429208
4937556
1869858
3594186
5913215
4287829
4571219
4631225
2066810
1116447
4593274
2534701
1049658
25858
4210072
5280240
1090910
721432
4247805
1052469
5046269
1795838
4370898
4331798
3762123
4552206
5009351
44987
5724210
4181626
3378192
3091762
3985196
3256274
3450412
4142579
1443602
448217
5437000
1545799
2103067
4322989
4757005
2783864
2253418
3264623
5894214
2211438
4390806
5737923
2202953
4121531
4924168
5873058
4580666
4801980
417671
5045150
3583234
2451636
2438987
1169183
918781
5958059
927366
3216365
4321222
3937958
5876941
3995385
1267750
4744042
4861758
1860412
2736454
4439772
2059782
5310720
3257999
3957218
4241033
1071832
96987
3971720
1510370
3042059
5223747
2847473
92831
3421591
5149815
4366744
433998
4034723
3293488
41488
3188125
662168
4320762
4843247
1710736
2678716
2921473
5320114
5486127
1064520
1116040
2607722
4369096
2348003
4695615
1159389
400907
3579333
3462684
3403451
4566985
4777150
1634163
5411578
806201
885108
2632589
3630269
2776850
5533572
3745912
1666718
5189156
4410331
4523777
3740449
4151404
3088802
2038437
2893290
3318893
778740
4672439
4939835
1200374
81554
4850373
988100
3112274
600305
4467092
2883563
5812338
779020
1707938
3568398
681977
2593527
4094969
2244909
5526347
1140160
5418653
275222
202758
5427789
692748
4070933
4059865
2281253
1304281
1222883
4908771
4265454
335592
538955
1531561
5868502
3622969
3295664
2252879
335026
1454651
4899552
2424927
1972016
5667833
378903
5163755
5039283
5422977
1423581
5678997
287879
2525306
614297
1777743
5531921
3099657
5808938
1597165
3184064
1230554
4726330
4227032
459389
2764492
2166132
4748362
1470924
5813489
3025011
1221845
1400737
373705
925234
5992999
3146486
4225760
1682799
649980
2399706
4064568
1914303
1150877
1879993
1222110
296219
4335389
5656205
317013
4362075
544
3799977
4122846
2700021
3257052
5451156
4116539
3753056
1504066
5036358
2454792
1623956
4401186
5149245
2307009
4670432
4633429
897012
2585715
2130966
3966825
2493812
1806618
309606
3437400
1087478
562396
704178
130495
2883241
4055068
4004431
4610744
5966233
2193452
3918939
3153127
390923
3821089
1220571
1214034
5149247
4733198
4673143
5121309
251011
271604
1660
4572095
2673331
2088433
1384154
1817578
5248135
1966453
255839
346751
3405927
1451828
4433759
29365
3803967
5177715
3914146
1775627
2193502
396375
2485540
5230682
3032671
652847
1107411
2560984
118783
398487
2000245
2047994
3653865
5855247
4183173
3685950
3551701
2585950
5727508
3206632
3174737
1422690
1002683
5554220
1580116
5874833
1184975
4764591
986732
3906973
544803
4908741
5430601
2660292
301478
1166864
3303635
4804056
1156229
3097562
2498095
4995523
4189352
2345016
5177123
2192106
5428280
5063836
2835580
375121
1867382
1647092
2476248
1165054
3844501
1617746
2637979
932444
2717886
5850118
4559080
5843765
1505653
5288830
4648745
3374352
4449055
621418
5151896
3552335
2892048
3000404
2876804
5583581
20844
2849431
3887709
3903046
2916534
3677568
4082824
4945095
4840980
5210723
3051236
4150349
3567743
1880232
3977351
3929852
3973481
1792164
3348376
5703145
4832455
4413833
3128783
3715717
3173271
4291897
4745929
3629797
2282248
5206653
1745969
3270226
455804
18984
5307923
3529876
3247064
1433238
926640
468437
2462823
4738544
178780
354542
3200270
5711515
852775
5679392
5644426
478080
853267
1765078
2080837
2855009
5384446
584348
2969984
1137536
5698279
2460394
4613166
3425047
2742928
4107701
5593154
2005370
1280315
133453
1849918
4057840
260668
4318479
1368786
1184984
5864790
2189078
4580336
600147
4709223
5217001
3325663
750032
5622426
4142602
3578720
1152141
3316254
3587137
784995
4940957
3121035
4685141
333455
99911
2013573
4948174
2553344
371566
3468184
3852251
5708783
4392508
2242807
1175938
4409679
4308136
5124386
3024964
4808818
1246296
1687333
5764111
5355997
771535
1337440
4654031
5986250
3591053
357250
3087065
3045295
1519590
3219498
3144629
5768429
4319251
5773215
1998312
3669953
1044049
3828531
3872291
1329205
1085556
4326721
5771025
1038780
3999667
2155899
592135
5770842
4982752
3635913
5142969
3295071
4650614
740039
2565922
5114781
1066594
998932
4217121
3960407
5284795
515566
190808
1160863
5017481
4143945
255766
695671
657189
3775255
4263929
483959
2212298
2951082
2967659
3863206
3842136
5886370
1444327
3146020
3894223
250111
5077040
1169386
580911
3480307
3008221
991713
4411341
2470413
2914036
1066031
4696512
4199951
3926059
125898
5240063
1857471
218168
5814573
332614
2518736
1028677
2130078
4922264
4172447
1471029
1167505
5747733
689845
2945258
593126
662969
1111742
1751883
2412001
1842524
77254
5183642
2256959
1359826
3125487
1012349
4279240
660847
3925609
4677587
5783492
5972096
3819788
2455206
2289173
3371043
1094637
2658746
3356524
630617
2805330
1644515
4090857
2799913
3345728
152998
3847589
1531914
1707251
5935883
4347599
3356819
2029023
4302352
5125052
1101369
1334919
3798082
4012457
4133059
5227345
4087683
1071482
4037867
5198504
4700976
3928262
4795113
2438267
185217
285114
1769670
1232179
2184168
509872
5644076
797692
3831775
1351595
4309043
464843
1065228
4165756
4254805
4824045
1883321
2138726
477078
2733868
5977359
622697
1252889
1055111
1858123
3565291
3318103
4435637
3113350
1365761
2962603
4973790
250050
5695007
5019935
5760377
730575
1523105
2111962
4402007
5071416
1775558
4051447
1438799
2958751
738157
3744712
2332817
4750483
3567005
1848503
268073
1147299
237394
2366931
4026452
3906741
5264683
4533731
2784562
646828
5571791
4797121
1891534
2752208
4553739
1902719
1600463
3102295
5738854
848280
2121837
4587820
3533827
4436849
235370
1080744
170644
5787693
4930116
76571
1737060
1391303
952682
285355
3864935
807760
2836454
1312916
5762446
2812511
2904124
5210586
2211779
3969622
5674351
5912820
1517420
5103517
3675815
2308392
5971178
1598393
3131485
5833714
3372913
3053172
4964211
3314743
3320993
5669586
1864231
1598885
3464870
1997527
5944152
1753970
5139212
5566166
5324058
232640
4702405
825671
2254420
770350
1228643
1214613
5175921
5279633
2666239
976673
4829345
712841
3649795
3072517
229959
480873
2443264
2288033
5544696
5246670
4851390
4273082
3851717
5024388
429732
1994785
1207481
3514729
5900199
4132313
4754563
1095684
4261842
5077285
2108123
144904
3222187
245171
527616
4543192
3392172
5180032
4830733
1844498
4436419
2565121
2802397
1771343
2324535
4442976
2991939
1850029
2522203
1207283
353424
2064900
2154065
1978756
1365025
4938810
3262687
5947847
4182251
1282428
4350921
1434650
4379262
3492761
2244035
1162457
4324700
5424831
1475344
2485690
76844
1153124
5947194
261322
3857473
1220503
4671524
5883750
2262716
632370
2305527
1977066
1456088
3918992
4859385
3231082
4469987
1256888
3376498
4359443
4164624
872227
4964257
2712599
3913529
5694978
5700801
5804144
1943692
1733141
49246
2361115
3122873
1421046
3619407
900296
3287825
3317120
4810398
1132978
3790240
2421772
906997
3175421
1989217
599144
2765608
3209193
4728058
736389
5135305
1535646
2395877
4545435
4384791
348064
990719
4514877
1173720
3458405
3220543
5983386
4411906
5012788
3026830
5710316
2363504
4066540
2078389
3252834
792288
2388170
4865718
5138516
3793626
5865854
3619259
5598308
2167803
5299141
2557001
5083891
5043229
262270
582013
2734403
4775088
234918
4582695
2167692
2400009
2180912
4656139
1238981
1804311
632624
5747467
97496
5190301
2669937
5218766
3458665
4613561
355158
3400428
296050
3345072
482908
3816404
1331659
1279137
315171
2189247
567654
2866289
532986
767684
3280246
1327222
5791410
5577292
1678868
4186108
490949
2785859
3072829
2892986
4150766
4540401
3951601
462730
4543944
4224729
1823677
5038729
4500484
2965452
1114163
5923751
5568013
255110
4198952
1283012
3765422
4513350
1826669
4195528
5856088
531478
4615872
5005148
4654023
923688
3167789
5814462
3486771
2209271
507338
3543813
2027547
341154
989844
3825119
3365227
4978613
3713995
5830465
682371
5241961
4038969
5506287
4133315
2741366
1544281
1274473
4391466
2630138
4519145
3997220
4764742
2213111
1785751
2553818
1653146
4073110
1828549
5544339
5563353
5284333
4213988
1744486
1514691
693031
3659963
5054768
2731896
5200725
4701315
381442
5088346
1317186
4585585
1681668
4845643
5881155
330711
4856943
4617875
1745365
3076585
1619805
714328
4266796
4355837
3890511
1311343
3834642
858446
4955896
1729640
5643706
1707712
4628408
3552102
5019533
1827678
2492375
156714
32593
2223183
2246379
2077475
44013
5981532
4635211
4162740
1223460
3420173
3508408
4421172
4485343
5213228
1199520
1220477
1768992
3671615
4143463
1340775
3844937
4949696
1714994
4571382
4430493
2868323
5503517
259804
2690907
2684294
3744150
3395363
1132637
1565047
2846867
651244
2286220
3917331
996720
4401553
1500337
4324118
265081
5447936
5438686
524330
588476
3836051
1108794
5214721
2411834
5924665
1911834
4330776
2902636
341910
1770554
568331
3356564
1251201
1825984
5477653
3369220
1032066
5005467
915648
5075984
964257
4523622
1924318
5511088
3862566
2253256
2150440
2029431
2770195
5565758
3348770
4312049
2352565
1264118
3976133
1557886
2858982
5705667
3188442
5011829
150269
1649301
1204598
4836063
2406781
109479
584300
4298926
3126056
3221413
2533731
507077
5862027
5169339
4480211
5650024
5631269
2399543
1791746
1050220
5995762
2938143
703279
4342714
1088623
1744397
4471622
2673663
4205438
5318467
4195451
67542
2679084
2209639
4668341
430438
1794342
759230
1869631
1941627
5272003
1301174
340987
2609745
3189190
4224743
5923261
2303828
3049852
2707253
1432539
5108157
899846
3441132
3795160
1039168
5774335
4968261
1698334
3425082
757737
5767144
4854999
3308809
2734573
3278480
412025
803325
3066437
4440356
2373555
3249143
4099160
5697685
3906484
1907361
3935889
3598114
3745572
2995283
3570895
1548244
3588473
4515403
4342012
1993747
3307794
1963687
1667689
1062371
3107079
3135870
2506546
2000628
2955593
2754061
4169700
1591113
1807698
757415
4302498
4342489
4923813
3517862
4246207
2180005
3709064
2380541
4131449
1112208
466906
2814458
189992
4690639
2403882
2969146
2001787
5268501
1803257
2679033
1607240
4610008
3052037
3260044
3799670
2005474
2535965
2750330
943484
5893226
4177491
2021024
2559187
2638037
1861749
2483020
2427330
3959046
5231328
1005542
3952158
5160064
5925652
2443464
975375
1810478
1764140
2870797
4870309
789307
2671108
973649
1593016
2415868
2166003
1347627
4459193
3323878
5577524
1461331
72783
1460642
1917052
1308743
2588846
5773249
4083261
4583823
4626512
5064145
4828124
4600489
755079
3320799
5172203
873922
888862
484046
2081809
4170268
4710219
786622
1149009
349146
1826106
1743598
493658
2708561
3553157
4058305
3652362
4102614
935948
5393686
2614474
3630700
1824842
3630285
5025675
3417567
3708556
94796
5838081
929125
1204987
226809
3002033
3392192
2381473
853913
2043704
3405302
671388
3011825
1500107
5326038
3756698
908703
629087
4650654
3499852
4174981
2780757
1198260
5548689
2013694
5489617
5287756
4682146
536622
556473
763515
1543458
2212257
5732621
2777512
2456109
422038
2132152
5144194
3991031
4734774
5742545
2408984
5294434
1631838
2360458
4403457
1751423
4371054
2700054
4110511
2812011
2682956
3528497
3663213
1275481
5071317
3659550
870826
1183485
5517180
1088794
2062687
900773
1100692
475504
5344148
1064418
106234
2001542
4668696
261529
3992418
395016
723957
5176054
576733
4783915
5120606
3079913
3488653
320128
897605
254401
2584778
5525966
2837195
3533369
20956
2086666
5479828
5575561
4301194
4206048
1672696
163158
1390167
4303465
2779026
2435281
1047388
1574273
3352219
4362207
2774108
5250024
5122993
4561158
3911509
298078
5580723
1537614
1396241
2457509
1155627
1979000
113224
2226532
4184344
3599135
2360547
4579390
5182291
2791296
2056911
3184772
3052391
4795320
1044652
690322
4880392
3302570
2734634
4735420
2886218
5106212
3927807
1922441
5819860
5784225
1925827
4830790
3148180
609127
5498554
4946865
4188255
5862073
1206156
437449
552938
3105168
4955320
2047682
2264690
177710
4388326
2109016
3544548
3501098
976146
238816
756142
601408
1170291
2311806
2791653
5697849
338512
686970
633772
4750908
5875619
5268087
4191556
3735256
5477747
821073
3105394
2090443
5319333
3459024
2165470
3783866
2445633
4512536
5043803
5967709
4839918
3303467
1998105
3644072
5307007
2609203
2671575
893266
3230980
4624399
3050051
4986649
5960495
4315933
1265307
3143854
2411247
3685284
612335
471998
3826841
3870314
2790313
4698771
4125188
1952915
3571952
2922137
3079439
5697571
5129998
3350173
2103284
4915063
4663917
5994103
4557875
3870782
4331080
2469989
2396452
3666798
5358096
1569955
667392
3675490
2804632
3254639
5122770
2552692
1554902
609734
4566857
3399857
5764165
598313
5125052
988459
5398803
134260
301748
5958627
4931763
5811663
2374884
4867164
1365275
5987895
1148064
2545523
558159
2077808
4133490
946413
2224555
902584
3107045
2714807
1105010
5356858
3242140
84395
2695263
49730
4199654
5000488
4321364
5445648
3929466
4414212
3702817
330012
5517516
1093772
5638412
4379564
2565201
551840
4977442
4347339
4191191
5320498
243611
1098870
2261460
5705290
5127782
4725071
2106900
2730468
5041188
2269799
4105517
1459697
4041436
1637368
4569747
1541171
4351831
3929379
3533511
5625150
5782675
2253043
5974986
4367937
3117569
1767941
4625022
1984665
5382454
4886742
482612
734405
184650
2023067
883757
2375259
1477070
5833336
3483611
590329
746428
2319738
763557
3101215
2592164
391025
2777729
325650
840079
1128241
5515845
1416774
2179154
4667567
4879205
4788273
3995686
4302651
5094433
1807617
5417342
3147015
133411
2930277
3851660
3113197
1288689
2623466
2258316
4811718
5131192
4982638
1346322
1780679
4475260
5219352
1233826
1588882
834541
5776944
1063315
2651819
2983034
4107911
1710676
838665
2869233
677195
4786312
2578288
1750505
1184102
4985885
4794201
5760191
3054627
5769736
5352897
1922879
4569152
974419
5938658
4726584
3869169
2710474
5510056
409298
3721774
4099168
5145349
1563735
3595004
3819345
2209588
1210869
5597205
2122073
1002306
2538353
2241602
5361958
3025351
2688528
3684287
5612610
3309740
3213619
3066673
2324885
1931798
4088546
4333304
5487517
3040413
3436325
1297251
2133308
4160554
971325
2013916
2835076
2475767
4177570
3018097
2795422
5618333
67759
1914674
3143402
3878705
2208270
3335226
991803
3024913
4075185
536200
1565339
5904695
5756929
1536071
391685
3537839
351709
4802945
91383
5504003
3200776
2430148
1424377
5316215
5028493
3321107
2196562
1183721
5963874
2421345
878260
4520992
2148985
1129638
5591541
4213606
4193611
5585322
3445453
3066354
2585432
3209073
5806804
4483775
175471
5546118
840111
3088747
2125894
2383615
5386998
1293375
4809501
1166199
1216271
907609
5270342
5932772
1784335
3412621
4872290
5974417
560560
852542
2040334
1292241
4864574
2085974
1380929
5070228
5953999
1081590
4951517
5998325
2593109
3182301
3107432
3283039
2584772
2094103
5199527
2334009
4241927
1448591
5946366
254137
1134185
3596781
1620007
1392442
5276025
1766292
3423401
2580442
5484071
87190
882377
1395250
2573999
1916853
2350962
3478159
1472401
5539082
5869889
777382
5022021
3234824
102787
5231715
108041
2025488
5411851
3607618
5756049
2017475
346579
1945203
870098
3543434
5268843
26962
4644954
869509
2443052
1909398
531987
757079
3438577
2381884
4975413
4176217
2033205
620439
1713815
3795937
4656296
3331879
5218888
4543996
3131243
3068539
1086014
3854359
3471098
426266
5131931
4513698
3896465
4944705
882788
2461924
932402
1412495
5753382
5858355
1199861
1978067
208425
421394
5734355
2934409
2775765
5833028
2618671
5275594
2262555
1419410
5356592
4427490
2535225
4741749
4446045
4408000
30261
3603791
5561843
578308
1107491
5793105
4065351
1228971
2491344
3507965
1029470
1815698
5797307
3695370
4597679
3556233
3316466
3729843
5532824
3148075
3684766
2096270
2207819
219296
2886580
3764459
5941651
5848251
4672831
4592372
3023471
3958195
3244769
5330887
3613226
5850114
4647226
5741664
2998694
2588707
598070
1138262
88646
1306452
2662509
683941
191037
3707908
4300960
918942
3554692
1467916
5373706
3306118
5249926
3676648
4580618
5294355
327585
5203581
4799388
1334394
4510432
2638785
45397
661801
794341
2025840
4705449
1580726
3134345
1946727
5446333
2205418
5181318
4666175
3680080
1503457
3779905
2961667
4463582
5432412
1984769
3690150
1833950
921944
1833196
3649650
3454916
5864999
3398064
3070819
5078710
5517348
1519629
3351022
704948
4373457
2549453
808494
4246062
1635867
2867416
1344584
1108865
5825380
573614
4188331
3122421
5842765
5626917
1877441
2723344
2454973
4157709
3794380
4902688
667459
5016327
1404757
804235
5473655
4977058
966681
5548303
4231563
4407914
5847508
1761369
5110222
5159099
3385983
814261
2396690
3047482
4373858
4894727
5301833
5527151
4610506
2839766
2567842
3169961
306693
3095718
2101836
5374606
2931921
3931643
4978056
4546845
2234391
5497480
2193859
5808522
5198078
2734734
4763173
5054563
126194
3916105
506330
4426971
2728685
719315
2352504
1419593
1350131
5851678
3826815
3839122
3801736
2745732
1215154
2536386
3500795
3039001
5772190
5281997
5481794
5144072
5724692
5235573
2188677
1907322
2619478
3952990
2618563
2136963
3417450
1423372
423093
1181305
327752
1964918
2606680
4476696
1971275
3686516
986507
4545478
2898440
4621553
761461
5141017
47208
14331
925542
3789546
1383316
3141875
4168885
5481219
2931812
381405
5156899
1570266
2455274
5892431
3099345
4431814
682108
3399379
349443
5324596
1280485
4244013
348974
1204758
243970
3422457
435858
57673
4179655
4000681
3936414
5251078
1211594
3614042
4380298
1468786
5853571
4314078
3036945
5621418
2148704
318227
3070963
2049370
2245510
3515016
3898408
2571907
3455587
3124988
5790336
3873335
4925501
4002480
5646770
3914388
1793423
5208784
5895177
757751
1599042
2753834
5214837
5119526
1199899
1121724
4106205
3956026
2915327
2853547
113230
4961783
3184600
2767046
3467873
3954519
4561825
5433674
1438210
1810922
334564
3723742
3269965
4102805
968380
4943795
4660495
4782042
4584019
5191685
777894
4965751
2894023
5596243
4318604
2417543
5348664
5634284
464017
1231886
2492129
3713318
1123292
5975349
4250063
3313445
2138922
2604594
927173
5038202
3179066
4254715
1788921
5438600
1056072
2558546
4994648
1274437
3163323
1036936
5857610
73957
3553002
3466166
669762
3305978
4956117
517207
4658400
4758311
4988236
940882
2705896
2838683
4537614
5202241
4350049
4590171
5130491
2714933
2305380
3070283
1832508
2485570
4251945
3746768
563652
3327461
4606364
3498555
1868850
343709
1875864
1599787
2620013
5254985
4128603
935207
1671992
4083009
2992211
2005299
3361912
2175510
2911642
3171845
4162897
4985431
1809878
1698334
5532198
3297247
3304926
4756271
3927774
744918
336756
3540454
409264
1638946
3177548
3031830
2450746
5954430
2172904
672733
742522
749082
5785698
1734922
2524003
2766892
5609092
5995471
4135904
4213384
4975042
5663463
2038935
5333034
762515
5048203
2845345
937591
4950034
2765383
3428283
1856621
329464
4658168
337236
3959050
4891532
3964800
5124606
269986
5408113
2885726
184279
2201887
3634973
2606291
3151326
4088660
5156862
730013
4076779
65065
270631
5651579
1073603
5046597
3042883
1586692
1402335
1256427
3185160
1243162
2119586
4234911
2140516
3322764
2999076
2162046
2301471
3772937
1332815
178546
4776373
3324644
528687
3463877
1058286
911932
2158483
2218685
4060361
2753890
2262684
2544383
989695
2155058
4194323
1827976
202306
1923182
4268264
2432043
3870863
5912816
3089751
4760713
158947
5034329
1269045
1465326
5510593
4613046
2075148
4404868
4945690
4577694
4173312
552586
4814322
3215184
960583
5742601
15210
5552613
739853
4969933
5712486
1814775
4828204
1764540
1783170
5768169
1092572
3474551
3879188
5306921
2885678
1537106
1278611
3035000
3649823
1254175
5430974
5755959
3636323
3049940
4349885
5101930
5439250
4709897
5711200
4507478
100423
2391864
3651905
5299295
3632689
5210411
793931
1534026
3546233
5774471
59026
4872485
4676140
2846657
5521860
1766085
4230849
5123550
3603717
5849747
4356162
2206203
5404448
4536343
3487526
114398
1931612
1669368
5493293
184305
1730123
2557444
2161371
1033385
3013032
585571
4868539
5507422
5359823
2655325
4427222
2968838
3852541
1506535
409980
3102576
1607402
5616048
3687374
1268581
1259481
5429801
5823258
3685976
1521356
887691
5141094
3375600
5213836
750425
3255704
905745
1209606
5351991
4552750
1066947
3992188
4697800
4167167
935637
577988
4263894
3383232
5966947
4154601
2963452
310228
1458786
2181630
5797244
2045709
2309384
1674496
3064733
1725597
4124796
4893635
5385135
1242651
142432
2962722
4218108
309319
5442994
2199111
450497
2858092
5525195
2417368
286992
4471653
3764010
4182163
398583
2237857
458496
4892666
2306489
152350
5339485
716821
5246361
3215639
3934099
2231282
4007183
5565355
4154480
429744
5701394
2103417
2205874
3147406
2651704
2370916
3186162
2512229
554328
1408875
1678885
4507650
2520886
3162342
4683333
1525294
4605880
5676387
3025658
5463837
4881507
2209227
5440345
4687723
2011524
4947100
3364280
4347825
4313484
2232556
3364320
3923597
5291599
5225042
4529168
3839927
1811982
2255114
5315756
330198
660967
4035908
655514
3780407
2355006
3644627
3243452
4970703
687580
4344060
5402779
2356998
3308239
2179109
2798286
697136
542768
5420144
30313
3470024
3349840
3951289
1927059
2655661
2953414
1989008
3866204
4578077
3749383
2595548
5330780
3301820
338297
444641
2159152
5570727
1763389
5817451
3159471
1626471
1588886
4275040
772938
5095713
3152900
5270703
5762926
4931313
3568529
2341770
565310
1723848
2970967
3250903
3491934
2106207
66144
957983
3325996
3580861
1810177
3312011
3345053
4124973
5556288
5499071
1035376
2742850
5076803
3378118
4043616
4026803
443841
1649057
1489194
434962
5392005
396885
4014403
4213061
1033785
4910060
5874538
330433
5192116
2723033
88070
853832
905201
835125
1364641
2926518
5460400
530094
2200871
698164
56022
5456502
277574
157532
5571023
3793125
3890035
5304866
3472985
2313776
3949
1352478
3166747
852355
985414
3241993
1826261
4856301
3037634
1559623
1506876
2394428
4338804
3176136
4591689
3095116
2481826
2922018
1121059
5085107
724500
1531446
789817
3271644
1630266
250824
1145034
4147211
5642275
1612738
1765247
3567497
583469
4327130
3564669
1083286
751799
1466187
4523096
4092879
3944523
1187338
200493
1777182
98332
3874268
2387989
5188527
130304
1405562
5835996
4884620
1087874
724671
4411995
3950965
1102753
3026403
3680020
4970346
1526274
2932021
1031210
4616471
4601014
2573359
1830051
5763485
451455
763940
4987559
3119805
321597
1493254
4273499
731957
5822391
3652893
1780251
1535203
5183753
2986138
5352664
1107525
972369
1550625
4489798
4376709
3896797
5434388
4421119
5115503
5125088
1960118
990273
5518993
3785316
3319227
4212783
4472391
3533933
5423479
4598454
5726041
5722200
4348858
5495754
5323368
16370
4527211
208889
4052937
4395159
2765003
734816
702735
1684692
3547793
3891028
4163594
481147
1442241
4341139
126260
67708
3829990
162188
2911082
3605603
5605758
855725
2755388
3340189
3322487
4729522
585612
36915
1145983
1761483
1605338
4422579
5745132
320282
5025207
5069374
4760518
1904370
1831007
4851977
4597366
1483755
2261163
2720597
4644201
435382
2537811
2204989
921338
4203823
2255488
3146523
5742448
4074298
5569065
3351718
361245
838651
3808439
794114
2512987
3575343
5864432
394090
2215735
1467372
4346368
2104645
136938
3208073
2045205
2503589
5366940
1882208
5276352
3232287
5050150
3503834
5859134
5678116
5932086
2879908
2571183
3983006
5667353
4845041
2310795
5723846
4680532
2182283
106027
1849367
4211648
2369882
271548
5730826
3365493
1797414
4843485
1826375
5224581
4600186
642976
2342237
2488654
2463309
1686897
4381249
1781060
5239356
2755494
2302265
4483201
589462
2582844
2864466
544237
3264015
4205603
1059204
3081986
5519310
1924541
4834498
1748155
2386313
2011642
5448568
638994
2743450
831409
4359336
2019865
117973
4967370
2266681
3955954
1645891
5928551
1613866
2275308
2390018
1293218
1007235
2500433
912009
4272640
311687
4677037
3477642
1424671
4846124
5520342
5998004
2700589
5740763
1736998
2087768
1321381
817335
2921306
606606
2512253
2419208
4827506
1944650
2159627
716610
5957148
5479667
3743474
2493128
2612862
5838481
798378
5350229
5363898
4799995
4108522
5939634
2792364
3708829
1688202
4483966
3178112
73960
5098259
1619557
3495786
3159077
407670
1454757
5566928
3201166
5878050
11886
1713544
623540
5985423
618605
605394
1291098
2238033
1871310
2207929
5652091
3299445
1864105
4817696
5923650
5584573
3750040
799976
2703389
3677649
156127
3003671
475755
1531600
4743169
1024131
4402668
2400658
278747
4522038
1912625
4475260
4613311
4460856
57056
2394025
1616883
5994557
1193703
4450508
1055201
2212373
44274
4569806
1289713
3379607
232689
3077830
5527970
4332810
2635500
5431234
305702
840617
149651
4669917
1556731
3421398
1959144
4855193
926226
3274321
3823084
1142945
5855568
2126601
1296114
2902689
2426949
1874916
3034761
2764283
3604147
2299080
4353569
2791124
823978
5046122
2667232
2385740
2566762
3863344
4848880
3580613
1168395
5479423
2004148
3774554
4111566
1526832
1210806
2142708
1900783
4622023
3490380
5959117
1718590
1878107
5622266
3100076
2884578
813248
506000
326535
4996897
3383656
2494322
2854377
423059
3290650
2567728
3327455
681905
5899251
2964133
3649334
4111947
674809
2745373
5742770
1823899
1851150
886754
1680922
138907
1850259
1807137
4168145
4064798
1355326
3783514
3484996
4244528
1644375
5216323
4201842
4183313
366213
996542
1574213
4074685
1426497
5173741
4350597
5287021
5912280
4996757
3589907
5835939
571885
4667299
5598979
641566
2262495
1703594
3304438
4161455
689434
5205445
3460877
3991623
1022893
1996079
2239237
4773754
1322869
4564041
249919
3196655
3871042
468202
2874987
3878251
3261484
553917
2625707
2405889
3808172
2762212
4809327
710933
4366818
4512033
442276
2518062
1195291
3155305
4071550
5534684
2920453
5298767
4806608
5641483
316233
4288787
5363578
5701232
2086830
162144
4649608
5252209
3303770
293582
5448658
1218113
673052
5604301
168412
3160038
1804804
5979134
3102438
1774831
3462648
5789849
5818424
3666283
3138106
10231
5384717
1130001
4439083
896940
4252991
2932930
1193049
273217
1738840
5449559
3688512
1220538
3748446
652178
2656023
1807653
2887303
5814522
3143543
3488179
1361971
5377293
900121
1885748
13669
4321545
2147808
2621854
2093159
3343151
5972571
3330457
4031649
5118981
4596736
4840808
244024
4818330
3050138
3603749
2397194
5692869
2745827
4856873
13947
2306077
1380212
5316516
1875532
4663742
4222162
4739970
52756
13072
2302488
1591227
1263576
5940696
1529573
2275070
4164273
3979399
5266348
5321367
4197305
2086098
5879705
4218882
4750705
1726524
2527258
2709937
5502131
4417596
3453608
876758
4464564
189977
952180
3291558
2667917
1300348
2657037
9811
2191658
5017168
1595585
3697150
1416884
844878
4978642
2377918
5589837
3746968
5825530
4525166
997681
940250
297769
5526747
4139003
344869
4905058
4683729
2849871
3605030
1353932
3001374
4215545
2947510
3460037
635771
3098999
4447129
2520209
4936910
2958075
594391
3434932
2900205
4185245
3848100
4855128
1415435
5859598
1643319
3573716
3797036
5344947
3502569
3360687
3281220
4199161
1745338
4458970
1573119
4794434
3776310
721955
4311122
4035894
4488267
3039489
381102
4724409
5125551
2174962
2956058
3696325
2084793
3677386
5707720
296661
4911376
4502102
791020
1278851
1253838
2304289
642341
4001033
2599831
3911060
3120821
4169570
5847242
2655878
5949993
3700073
5329521
5952626
3299357
5956461
2558001
1094903
5036199
518651
2349638
5750472
2644747
1286057
4327906
3537091
4455956
377789
1329979
1489943
2435132
3979766
3296376
5911151
3824079
4913391
4216400
4137041
1330515
5954813
5075283
4579482
5931475
2602236
2222528
5337682
2642966
1655705
2437862
1427684
4575863
4520726
3720876
974995
1321479
182404
4512052
2019884
3897434
299404
1805698
182267
4530630
3195568
1269589
523589
181642
2195408
3152136
1248211
1417927
98555
5328085
3090239
5713800
640148
49511
2179152
5574513
1752543
439461
5500802
3443485
4303009
5589198
1321481
757105
1864205
1453498
3237302
190110
226806
906546
891376
2407142
2996944
5540275
5891595
5684626
1856256
3075699
4837743
5734244
559171
5872726
5854674
927490
1752748
5635568
1038615
4024451
2759814
2564369
3593887
3653235
3037597
5897704
5950601
5121421
877568
4341517
4154166
3719992
5388979
913508
364790
4797696
135120
3830609
5630423
3904539
4592663
4522921
1717607
4591520
3598063
5166133
3788326
4475604
3805792
2494681
658089
1398665
1088256
7345
4220212
1311903
790262
3885406
5774763
1525306
1702715
5025162
639908
767809
1901005
3362941
2804581
1079738
742816
1947017
3841664
394359
944721
68365
1399480
2703329
5784004
1892273
3673753
5668437
4721614
971189
935399
3838072
5237636
5702062
3100407
186647
5233847
3415848
314040
3884601
4400494
4072664
2669788
3746246
1015850
29042
1801197
194863
1006741
4473640
2152813
2554761
5038528
4917403
5004955
3654442
2589457
3553672
4337083
2994685
4256323
498542
5226529
1342987
44140
4300975
412124
5457610
930897
870958
3527917
2643538
2443468
5371695
1770196
4075048
1188482
847572
972980
3227945
1299086
1855315
1470242
2913937
5564855
3523217
4920579
4954854
1165869
2531855
4038499
1611095
1436597
3269197
2070604
5292607
3166429
5483502
1338208
3976811
5838065
2022624
2418761
3949268
201289
3353711
4505817
4066156
3165164
5323307
2616862
4725599
5999044
2308984
1840122
5446132
2174357
2643446
5355076
3177055
1408145
5841768
2198500
602272
4802057
124193
5625832
1611588
5671398
1196261
69855
1889864
4610120
5343428
2031721
4259282
5905409
4796293
3479956
1035915
2508833
1898671
4042618
591257
5155476
2781973
3754411
5596831
2500395
2240007
2279625
3131082
4343347
5935619
1573669
227004
4621575
5435591
1212428
2292301
1892808
5155593
154775
5310077
902775
424593
5689957
5688764
4064458
5805436
999756
617854
2435217
2533248
2834625
2651951
2509798
743530
5361134
3810737
5512039
4895878
2225434
3088335
2449736
4316805
2781185
3571533
1910225
2776273
5011395
1131546
5591319
5644882
3253429
3944874
504001
1939161
3330760
2105687
2603927
546802
183090
5445629
92017
469867
4806610
200583
2194569
4339682
5696127
5910769
2143843
4011798
5760292
875654
1717251
5710131
3173764
2747297
5020930
4291699
653319
4617433
4916010
4284531
3627799
5942944
4797089
1556333
2673136
5586888
2112151
264101
2663476
3075491
85361
996115
4272910
2701205
2427099
5454875
4419460
127682
5169642
574528
2654188
1872130
4418392
4106677
92109
3447724
2903066
5101131
3447737
1297693
685679
3052955
2618432
2424383
5370004
1367118
1309000
3767838
3026039
3120687
3970181
3543495
61768
2446474
5822115
1819721
916524
650635
2805145
1339770
4453158
5674103
4576049
319720
4173593
5547656
3197231
49415
2451439
1319674
1611412
2814755
4222703
807489
2771845
2958356
5967589
3870887
4088357
5069365
5981320
3902040
5361251
4337630
1175231
414408
5393174
3150246
347145
2810263
888747
1298596
3436533
235302
2837184
2842815
1822308
5217303
1103106
2008481
3645169
5427516
2841867
787921
1727328
4489767
2971532
2508724
3178427
2131613
5078071
994027
1093413
5519161
5161522
1878164
4878913
546519
3652651
5494756
607096
2386330
1039839
227103
5853097
5069383
4869589
4023766
3238392
3390019
3474118
1956648
1610313
2261646
4770350
5041841
4731216
2724761
2383581
354018
572255
3256469
3158535
1486547
3109409
652966
4554274
2280331
5004114
3131118
5178599
1923546
4758896
3491189
2640278
3737550
4014442
1439010
5471487
51836
799582
4867988
4796465
4615069
5649939
5891025
628918
1595314
2806853
4839469
2984745
3002294
5285793
4816223
589074
4629493
4200669
2788847
4788305
3000515
3181239
3866955
3476077
4414377
3564726
5035661
3699634
447495
4917155
4511571
1119058
4993938
5266590
4601251
228114
4305478
967564
4043133
3771159
4519123
4975055
5490212
875510
5146467
715423
3431553
5464755
4519698
4747909
4007103
3712443
4182879
1653998
3647780
2580112
1705660
4860513
5707339
3073541
2551828
66905
1202070
3760178
1988833
2948613
5968344
3432718
1589582
534278
3775849
735915
1206041
5612124
2791393
5908569
5397316
2275249
3968113
2224077
5904103
4354493
1107586
1233851
185715
5024774
4774287
3543231
4753748
5273264
1052709
412998
2669273
2568399
108485
4121906
3460049
3466523
1715622
4429051
391423
440891
3802518
3222784
5728863
3935918
3629402
656345
3723044
890717
1836250
3273373
4992911
2177728
930325
812056
1957637
1874118
3246028
4415926
1030075
457357
3483897
4097938
5872156
3025064
832528
1711319
5552327
4217119
3601778
1666352
3664817
4598737
684151
4927722
4938961
1471085
5011201
1146225
2061498
579142
1184758
4950912
5332370
1752664
1932812
4278806
3996165
4613716
4341569
4460045
5134170
4307855
80019
4208567
5136327
4281758
1137002
4544818
2538355
1191979
2767288
3246068
4143239
348248
4107861
3640162
2736955
3996540
5823033
4803864
1072145
251314
1931101
191744
1590498
540510
4147814
1254597
2868835
2988433
5828070
3376737
4257370
3395931
3943400
3007038
2797019
1002521
1781218
1097328
5513915
2397110
3134679
5215795
3569316
278924
3068410
1988016
2760124
5940605
3317806
3279228
5944644
3655433
1517929
3485039
4109700
2332507
5283897
1156905
2968855
142811
2722718
1631659
1029652
2427960
4751488
1262311
4607926
677522
3595451
1572329
1489917
884525
5635085
2492917
1439745
812154
2429168
2770263
2988235
4439227
4305785
927379
3336136
109649
4886583
5314603
4379583
5792795
3648351
1201996
4035450
2828632
407270
1772692
5934724
2408170
1958491
2312600
3435823
4702047
121707
2913791
373767
618199
469256
1586236
3025959
3025257
2908661
4147020
2692446
2372829
4820122
689038
1190357
1113800
83541
3624417
3410908
1189920
5825114
5515237
1718304
5539700
493193
2200653
3001377
3982159
4846905
3502474
5282038
1201972
3475328
3104376
4525470
3535312
4837221
20623
3308836
5536188
3860365
5605684
1670863
1251861
2275513
4333943
5227464
2179092
3915073
2852930
903400
4391159
3486305
2971350
4714048
1904658
3897358
2213466
4747292
4304456
5797005
4762184
698331
2525365
798487
4286539
3441843
1201591
722544
2759712
4882058
1224985
2117720
2941579
3041571
1379745
479713
2325346
1256979
5923095
2823380
5729541
3755349
2622309
4637330
5660894
319235
1478643
5140210
1950979
2258341
5082139
4217987
3339399
1970669
4691791
5527219
4434048
1364263
5640323
4383799
5737419
4733620
3581476
3094566
286355
719963
2702121
2261665
3467202
1391031
3818789
3324047
3520860
4286390
4680454
3604425
1147643
4712452
4515128
4461303
5359253
4111327
180091
2549440
4891070
1096578
4179763
1883880
3603299
4227252
3943230
4044934
2384358
4365331
3828134
1973520
2551153
1416939
3959809
707396
1752694
623353
4227627
5262865
3938583
3766088
1095924
857876
1771542
5043029
1554604
5637502
1785090
1994724
63250
5734616
2800114
100244
3156360
5873093
5804668
5435737
3139611
4647305
5839565
26997
4933033
206759
5141736
2095208
1336796
3713759
5731635
3835693
3480209
1836200
1110211
4800854
4618380
4847698
5813971
5908071
2357070
5983437
4386357
2048049
5440292
1509055
1891605
2448404
4010205
4246095
5042615
1102117
4045135
1647228
398329
4277450
2792865
1768630
4587557
2029223
702295
1220210
4186368
4831371
2639481
1143833
546491
2584440
385006
5063852
3662491
2488432
3835560
4536808
683761
3175955
254029
1600187
1300594
3715786
4239959
2629676
669356
2808389
4558308
1700881
721993
2351257
4691970
1321905
1497447
4457309
5678183
5418796
945695
1359214
3365121
782452
4978778
2841783
2904840
617265
3909717
3910110
799782
3330164
4872021
811172
3648733
854630
4013849
1415914
5704366
1459746
3843092
1500198
2348581
30062
685788
872275
2302362
1780066
2853032
1950707
2825767
3230960
1516961
4325298
2338055
5561128
2465683
3305369
3851031
5793315
4202707
5274212
5182126
5462431
1090678
5890780
51007
1175472
1390425
4555983
3516708
2958639
4202052
2090220
2251581
