17128
31955
11671
11902
30211
11001
32792
40251
43644
5413
31312
18048
13540
18587
31491
27219
14410
11227
5781
9750
2334
14699
11284
9411
43026
11064
41056
33551
10508
89
2917
3986
6687
47737
46357
24014
44089
46418
18399
12620
48542
10711
8897
11148
7818
13373
18432
7125
46088
47590
29577
19420
7989
9479
4800
27111
38665
26120
40497
20273
12622
34359
11454
41925
7405
37413
32589
33945
17209
17650
6597
48563
36383
29335
49612
48139
47810
39081
12075
11730
6839
16250
40712
26838
22569
48098
10167
8759
29173
14127
1398
47939
23131
47336
42394
21246
32997
33084
39657
38968
26416
41025
24345
22742
16016
40371
6210
42040
30634
13762
14792
42696
43225
37715
18255
31554
39731
142
43381
17557
18732
15427
13297
21324
36683
48080
1026
3333
25297
43693
2317
27802
9066
44323
38834
531
45148
44734
2761
24322
29401
16280
49702
48697
33842
40752
4532
12717
18652
1515
24033
32543
18917
20371
3701
2797
40388
8518
10835
7763
27409
2362
41019
6080
18073
32187
47470
1543
16737
49704
20423
32062
14089
33005
8038
15793
9552
3358
13341
41448
49528
15893
26703
24174
19198
15780
587
21874
10995
2577
31863
6052
19305
37394
41931
33318
22748
26888
41895
44457
37191
49369
44361
28613
15180
17918
29597
14671
22599
39273
13858
22384
40430
13816
17810
26668
37810
34798
42839
33253
37295
49935
43373
21773
46968
10078
2407
30072
11520
4590
29474
14398
38792
9399
21910
8801
30481
23708
15085
49817
36915
31207
47248
48900
48647
48458
20967
32080
38196
17232
38708
43285
26285
34412
44754
39373
29128
24808
34218
43287
4679
22502
11830
45636
5749
28405
30859
49752
35741
49431
13780
31245
24872
46426
14370
41459
19280
24316
40379
26286
48937
22095
20607
31948
6659
47706
35588
49270
11139
38831
21486
38185
40588
42242
37029
46930
41175
27470
10853
47389
5145
22208
6131
16697
38942
21477
3742
3424
9422
31014
37178
40315
16977
9467
4616
741
8069
10846
2515
10111
43463
38479
20754
12369
7783
28177
24485
11308
28097
1367
1663
38841
24968
34338
12907
3736
12320
9676
48335
3922
43502
8924
20518
45538
23923
13318
39691
5759
38332
29769
32357
28795
32502
23814
21901
10122
13266
4331
23533
44303
33782
24619
44491
29255
41325
6279
10649
44565
37042
14428
20999
12740
43534
36323
30001
12872
30737
18704
46957
9302
37485
49062
41827
9382
48733
6962
36114
35377
22458
24789
1032
13567
3864
32982
19299
12602
29862
4442
34646
471
28497
34167
23522
18245
41874
23387
26827
31527
45639
35805
20923
23292
1047
44341
35876
11682
48925
48892
1860
7822
41401
760
47158
43430
20667
47668
37962
43361
21453
34938
23418
9747
41647
35205
21028
20985
46569
1465
3645
8273
48005
16473
1978
20267
31094
30432
15787
33059
10768
41654
